word	wordcount	average	stdDeviation	TwoStdDeviation
------------------------------------------------------------------
integrity	1	0.2	0.3577708764	0.9155417528
effectually	2	0.4	0.7155417528	1.8310835056
under	22	8.6	5.85149553533	20.3029910707
appropriation	2	0.4	0.37947331922	1.15894663844
succession	1	0.2	0.3577708764	0.9155417528
triumph	1	0.2	0.3577708764	0.9155417528
direct	3	0.6	0.651152823844	1.90230564769
subordinate	1	0.2	0.3577708764	0.9155417528
incompatible	1	0.2	0.3577708764	0.9155417528
contributed	1	0.2	0.3577708764	0.9155417528
ever	9	0.2	0.3577708764	0.9155417528
harbors	2	0.2	0.3577708764	0.9155417528
growing	2	0.4	0.7155417528	1.8310835056
prussia	4	0.4	0.7155417528	1.8310835056
property	5	2.0	1.41421356237	4.82842712475
reports	4	0.6	0.651152823844	1.90230564769
postponed	1	0.2	0.3577708764	0.9155417528
changes	2	0.2	0.3577708764	0.9155417528
mutual	7	0.8	0.551361950084	1.90272390017
army	3	0.4	0.7155417528	1.8310835056
indiana	1	0.2	0.3577708764	0.9155417528
wars	4	0.6	1.0733126292	2.7466252584
midst	1	0.2	0.3577708764	0.9155417528
accomplishment	1	0.2	0.3577708764	0.9155417528
exceptions	1	0.2	0.3577708764	0.9155417528
organized	1	0.2	0.3577708764	0.9155417528
first	12	3.6	3.23233661613	10.0646732323
appropriating	1	0.2	0.3577708764	0.9155417528
personal	3	0.4	0.37947331922	1.15894663844
revenue	16	5.0	4.12310562562	13.2462112512
expectations	1	0.2	0.3577708764	0.9155417528
confidently	2	0.4	0.37947331922	1.15894663844
indulge	1	0.2	0.3577708764	0.9155417528
bread	1	0.2	0.3577708764	0.9155417528
improvements	2	0.4	0.37947331922	1.15894663844
navy	8	1.6	1.58996855315	4.7799371063
borne	1	0.2	0.3577708764	0.9155417528
forth	2	0.2	0.3577708764	0.9155417528
provide	2	0.6	0.309838667697	1.21967733539
little	4	1.6	1.15238882327	3.90477764654
free	5	0.6	0.309838667697	1.21967733539
crowned	1	0.2	0.3577708764	0.9155417528
estimate	3	0.2	0.3577708764	0.9155417528
channels	1	0.2	0.3577708764	0.9155417528
another	6	1.2	0.885437744847	2.97087548969
indicate	1	0.2	0.3577708764	0.9155417528
john	3	0.4	0.7155417528	1.8310835056
western	2	0.6	0.309838667697	1.21967733539
somewhat	1	0.2	0.3577708764	0.9155417528
nations	8	4.2	1.6	7.4
raw	1	0.2	0.3577708764	0.9155417528
propitious	2	0.2	0.3577708764	0.9155417528
extending	3	0.4	0.37947331922	1.15894663844
confederation	2	0.4	0.7155417528	1.8310835056
treaties	9	1.2	0.521536192416	2.24307238483
commence	3	0.2	0.3577708764	0.9155417528
exports	6	0.4	0.7155417528	1.8310835056
denounce	1	0.2	0.3577708764	0.9155417528
report	11	1.8	1.43666279969	4.67332559937
chesapeake	2	0.2	0.3577708764	0.9155417528
secretary	8	2.4	2.51714123561	7.43428247122
fair	1	0.2	0.3577708764	0.9155417528
brazil	2	0.2	0.3577708764	0.9155417528
away	1	0.2	0.3577708764	0.9155417528
never	4	1.0	0.632455532034	2.26491106407
supplies	2	0.2	0.3577708764	0.9155417528
expense	3	1.2	0.885437744847	2.97087548969
adapted	4	0.2	0.3577708764	0.9155417528
30th	5	0.8	0.987927122818	2.77585424564
union	21	7.2	3.54400902933	14.2880180587
west	4	0.4	0.37947331922	1.15894663844
expected	4	1.8	0.843800924389	3.48760184878
board	3	0.6	0.651152823844	1.90230564769
life	3	0.6	0.651152823844	1.90230564769
eastern	3	0.4	0.37947331922	1.15894663844
applied	6	0.2	0.3577708764	0.9155417528
commerce	13	6.4	1.01980390272	8.43960780544
exception	2	0.4	0.37947331922	1.15894663844
near	4	0.4	0.37947331922	1.15894663844
balance	7	0.4	0.7155417528	1.8310835056
comparative	2	0.4	0.7155417528	1.8310835056
colonies	7	0.6	0.651152823844	1.90230564769
european	4	0.2	0.3577708764	0.9155417528
hand	2	0.6	0.651152823844	1.90230564769
military	3	0.6	0.651152823844	1.90230564769
suffering	1	0.2	0.3577708764	0.9155417528
human	5	1.0	1.0	3.0
collections	1	0.2	0.3577708764	0.9155417528
defray	3	0.2	0.3577708764	0.9155417528
humanity	2	0.2	0.3577708764	0.9155417528
advances	2	0.2	0.3577708764	0.9155417528
dignity	1	0.2	0.3577708764	0.9155417528
offices	4	1.0	1.3416407865	3.683281573
repeated	3	0.6	0.651152823844	1.90230564769
exposition	1	0.2	0.3577708764	0.9155417528
manufacturing	2	0.4	0.37947331922	1.15894663844
census	4	0.2	0.3577708764	0.9155417528
amounted	1	0.2	0.3577708764	0.9155417528
civil	3	1.0	0.0	1.0
sovereign	3	0.8	0.75894663844	2.31789327688
hemisphere	2	0.4	0.37947331922	1.15894663844
harmony	3	0.2	0.3577708764	0.9155417528
islands	2	0.2	0.3577708764	0.9155417528
liberal	5	0.4	0.7155417528	1.8310835056
claimants	4	0.2	0.3577708764	0.9155417528
ship	3	0.4	0.7155417528	1.8310835056
negotiations	1	0.2	0.3577708764	0.9155417528
generally	2	0.4	0.37947331922	1.15894663844
interested	1	0.2	0.3577708764	0.9155417528
preceding	5	0.6	0.651152823844	1.90230564769
relieve	2	0.6	0.309838667697	1.21967733539
grateful	2	0.4	0.7155417528	1.8310835056
21st	1	0.2	0.3577708764	0.9155417528
producing	1	0.2	0.3577708764	0.9155417528
passage	1	0.2	0.3577708764	0.9155417528
gratulation	1	0.2	0.3577708764	0.9155417528
sovereignty	2	0.4	0.37947331922	1.15894663844
division	1	0.2	0.3577708764	0.9155417528
presented	4	1.0	0.894427191	2.788854382
revolution	2	0.2	0.3577708764	0.9155417528
cost	3	0.6	0.651152823844	1.90230564769
uniform	1	0.2	0.3577708764	0.9155417528
appeal	1	0.2	0.3577708764	0.9155417528
months	2	0.4	0.37947331922	1.15894663844
french	2	0.6	0.651152823844	1.90230564769
accomplished	2	0.6	0.651152823844	1.90230564769
navigation	6	1.2	0.521536192416	2.24307238483
1st	5	0.4	0.37947331922	1.15894663844
conformably	1	0.2	0.3577708764	0.9155417528
positive	1	0.2	0.3577708764	0.9155417528
wrongs	1	0.2	0.3577708764	0.9155417528
territories	2	0.2	0.3577708764	0.9155417528
cherished	1	0.2	0.3577708764	0.9155417528
commissioner	2	0.2	0.3577708764	0.9155417528
subsistence	2	0.4	0.37947331922	1.15894663844
1	6	1.0	0.0	1.0
cardinal	1	0.2	0.3577708764	0.9155417528
substitute	1	0.2	0.3577708764	0.9155417528
4th	1	0.2	0.3577708764	0.9155417528
commit	1	0.2	0.3577708764	0.9155417528
date	2	0.4	0.7155417528	1.8310835056
times	4	0.4	0.37947331922	1.15894663844
representation	1	0.2	0.3577708764	0.9155417528
exclusive	2	0.4	0.7155417528	1.8310835056
constituents	1	0.2	0.3577708764	0.9155417528
tending	2	0.4	0.37947331922	1.15894663844
forms	1	0.2	0.3577708764	0.9155417528
provision	5	2.0	0.894427191	3.788854382
legislation	9	1.8	2.3799159649	6.55983192981
year	22	8.6	6.6211781429	21.8423562858
opened	1	0.2	0.3577708764	0.9155417528
intercourse	8	1.8	1.95345847153	5.70691694306
increase	11	2.8	2.65028300376	8.10056600751
ohio	2	0.2	0.3577708764	0.9155417528
remainder	1	0.2	0.3577708764	0.9155417528
contemplation	1	0.2	0.3577708764	0.9155417528
honest	1	0.2	0.3577708764	0.9155417528
turn	2	0.2	0.3577708764	0.9155417528
frequent	2	0.2	0.3577708764	0.9155417528
accruing	2	0.2	0.3577708764	0.9155417528
one	20	5.8	6.76461381012	19.3292276202
cheerfully	2	0.4	0.7155417528	1.8310835056
imposing	2	0.4	0.7155417528	1.8310835056
2	5	1.0	0.632455532034	2.26491106407
12	2	0.2	0.3577708764	0.9155417528
14	1	0.2	0.3577708764	0.9155417528
18	2	0.4	0.7155417528	1.8310835056
future	4	1.6	0.903327183251	3.4066543665
russia	3	0.6	0.309838667697	1.21967733539
invite	1	0.2	0.3577708764	0.9155417528
offering	1	0.2	0.3577708764	0.9155417528
offer	2	0.4	0.7155417528	1.8310835056
secure	2	0.2	0.3577708764	0.9155417528
200	1	0.2	0.3577708764	0.9155417528
falls	1	0.2	0.3577708764	0.9155417528
successive	2	0.2	0.3577708764	0.9155417528
america	4	1.2	0.885437744847	2.97087548969
payable	1	0.2	0.3577708764	0.9155417528
considered	3	1.0	0.4472135955	1.894427191
average	2	0.4	0.7155417528	1.8310835056
regulated	1	0.2	0.3577708764	0.9155417528
allegations	1	0.2	0.3577708764	0.9155417528
accession	1	0.2	0.3577708764	0.9155417528
thriving	1	0.2	0.3577708764	0.9155417528
enumerated	1	0.2	0.3577708764	0.9155417528
nearly	5	0.8	0.551361950084	1.90272390017
requesting	1	0.2	0.3577708764	0.9155417528
miles	3	0.6	1.0733126292	2.7466252584
labors	4	0.4	0.7155417528	1.8310835056
between	15	4.6	2.53140277317	9.66280554633
august	3	0.8	0.551361950084	1.90272390017
awards	1	0.2	0.3577708764	0.9155417528
comes	1	0.2	0.3577708764	0.9155417528
forbearing	1	0.2	0.3577708764	0.9155417528
combined	1	0.2	0.3577708764	0.9155417528
systems	3	0.2	0.3577708764	0.9155417528
638	1	0.2	0.3577708764	0.9155417528
taking	5	1.0	0.4472135955	1.894427191
operate	2	0.2	0.3577708764	0.9155417528
middle	2	0.2	0.3577708764	0.9155417528
different	3	0.8	0.987927122818	2.77585424564
granted	1	0.2	0.3577708764	0.9155417528
extended	2	0.4	0.7155417528	1.8310835056
tariff	6	0.2	0.3577708764	0.9155417528
changing	1	0.2	0.3577708764	0.9155417528
totally	1	0.2	0.3577708764	0.9155417528
receipts	6	2.0	1.54919333848	5.09838667697
theater	1	0.2	0.3577708764	0.9155417528
bodies	1	0.2	0.3577708764	0.9155417528
aspect	2	0.2	0.3577708764	0.9155417528
improvement	11	0.2	0.3577708764	0.9155417528
earnest	3	0.4	0.37947331922	1.15894663844
confined	3	0.6	1.0733126292	2.7466252584
adams	3	0.4	0.7155417528	1.8310835056
maintained	2	1.0	0.4472135955	1.894427191
burdens	3	0.6	0.651152823844	1.90230564769
depredations	2	0.4	0.37947331922	1.15894663844
colonial	3	0.2	0.3577708764	0.9155417528
husbandman	1	0.2	0.3577708764	0.9155417528
intrusted	2	0.4	0.37947331922	1.15894663844
negotiated	2	0.2	0.3577708764	0.9155417528
prepared	2	0.4	0.37947331922	1.15894663844
manufactures	4	1.0	0.4472135955	1.894427191
manufacturer	2	0.2	0.3577708764	0.9155417528
session	10	3.6	1.74355957742	7.08711915483
central	2	0.4	0.7155417528	1.8310835056
industry	8	1.6	2.42981480776	6.45962961552
act	13	3.0	1.84390889146	6.68781778292
lands	8	1.6	1.58996855315	4.7799371063
communication	2	0.8	0.551361950084	1.90272390017
authorities	3	1.0	0.632455532034	2.26491106407
defraying	1	0.2	0.3577708764	0.9155417528
valuable	2	0.4	0.7155417528	1.8310835056
rhode	1	0.2	0.3577708764	0.9155417528
monopoly	1	0.2	0.3577708764	0.9155417528
deliberation	1	0.2	0.3577708764	0.9155417528
britain	13	2.0	1.41421356237	4.82842712475
corresponding	4	1.0	0.894427191	2.788854382
deserve	2	0.2	0.3577708764	0.9155417528
5	5	0.8	0.551361950084	1.90272390017
congress	30	10.4	7.78716893357	25.9743378671
remonstrance	1	0.2	0.3577708764	0.9155417528
deriving	1	0.2	0.3577708764	0.9155417528
equitable	1	0.2	0.3577708764	0.9155417528
building	2	0.2	0.3577708764	0.9155417528
observe	2	0.4	0.37947331922	1.15894663844
profits	2	0.2	0.3577708764	0.9155417528
stock	1	0.2	0.3577708764	0.9155417528
children	2	0.2	0.3577708764	0.9155417528
hunting	1	0.2	0.3577708764	0.9155417528
removal	3	0.2	0.3577708764	0.9155417528
tranquillity	3	0.8	0.75894663844	2.31789327688
reciprocity	2	0.2	0.3577708764	0.9155417528
benevolent	1	0.2	0.3577708764	0.9155417528
ten	3	0.2	0.3577708764	0.9155417528
prevails	1	0.2	0.3577708764	0.9155417528
settled	2	0.6	0.651152823844	1.90230564769
sum	4	0.8	0.551361950084	1.90272390017
component	1	0.2	0.3577708764	0.9155417528
operating	1	0.2	0.3577708764	0.9155417528
members	3	0.2	0.3577708764	0.9155417528
taxation	2	0.4	0.37947331922	1.15894663844
sanction	3	0.4	0.7155417528	1.8310835056
6	1	0.2	0.3577708764	0.9155417528
taken	7	2.8	0.979795897113	4.75959179423
more	29	9.0	7.61577310586	24.2315462117
commenced	8	0.8	0.1788854382	1.1577708764
forbearance	1	0.2	0.3577708764	0.9155417528
arrangements	1	0.2	0.3577708764	0.9155417528
accept	1	0.2	0.3577708764	0.9155417528
rather	2	0.4	0.7155417528	1.8310835056
acts	7	2.6	1.39140217047	5.38280434095
foreseen	3	0.2	0.3577708764	0.9155417528
extinguished	1	0.2	0.3577708764	0.9155417528
short	6	1.8	1.5205262247	4.8410524494
chiefly	2	0.4	0.37947331922	1.15894663844
mexican	1	0.2	0.3577708764	0.9155417528
september	3	0.6	0.309838667697	1.21967733539
22	2	0.6	0.651152823844	1.90230564769
resort	1	0.2	0.3577708764	0.9155417528
preservation	5	0.6	0.651152823844	1.90230564769
erection	2	0.2	0.3577708764	0.9155417528
hereafter	1	0.2	0.3577708764	0.9155417528
designation	1	0.2	0.3577708764	0.9155417528
transmission	2	0.2	0.3577708764	0.9155417528
friendship	2	0.4	0.37947331922	1.15894663844
energy	2	0.4	0.37947331922	1.15894663844
operation	4	0.6	0.309838667697	1.21967733539
projected	1	0.2	0.3577708764	0.9155417528
adhere	1	0.2	0.3577708764	0.9155417528
race	2	0.4	0.37947331922	1.15894663844
favored	1	0.2	0.3577708764	0.9155417528
term	2	0.8	0.551361950084	1.90272390017
revolutionary	2	0.6	0.651152823844	1.90230564769
indemnified	1	0.2	0.3577708764	0.9155417528
fallen	3	0.2	0.3577708764	0.9155417528
exhibited	2	0.6	0.651152823844	1.90230564769
belligerent	1	0.2	0.3577708764	0.9155417528
colombia	2	0.2	0.3577708764	0.9155417528
5th	2	0.8	0.551361950084	1.90272390017
favorable	4	1.4	0.8049844719	3.0099689438
reflection	1	0.2	0.3577708764	0.9155417528
king	2	0.6	0.651152823844	1.90230564769
imports	2	0.4	0.7155417528	1.8310835056
sell	2	0.2	0.3577708764	0.9155417528
seasons	2	0.2	0.3577708764	0.9155417528
disturbances	1	0.2	0.3577708764	0.9155417528
inflexible	1	0.2	0.3577708764	0.9155417528
freight	1	0.2	0.3577708764	0.9155417528
stores	2	0.2	0.3577708764	0.9155417528
aggravate	1	0.2	0.3577708764	0.9155417528
northern	3	0.4	0.37947331922	1.15894663844
justice	5	2.2	1.09178752512	4.38357505023
shared	1	0.2	0.3577708764	0.9155417528
him	4	0.8	0.551361950084	1.90272390017
common	4	0.6	0.651152823844	1.90230564769
approaching	4	0.2	0.3577708764	0.9155417528
patriotism	2	0.2	0.3577708764	0.9155417528
uses	1	0.2	0.3577708764	0.9155417528
tended	1	0.2	0.3577708764	0.9155417528
close	4	0.6	0.651152823844	1.90230564769
materially	1	0.2	0.3577708764	0.9155417528
representatives	4	1.8	0.979795897113	3.75959179423
europe	6	0.8	0.987927122818	2.77585424564
diminution	2	0.6	0.651152823844	1.90230564769
both	7	3.8	0.933809402394	5.66761880479
acted	1	0.2	0.3577708764	0.9155417528
ghent	2	0.4	0.37947331922	1.15894663844
vessel	2	0.6	0.651152823844	1.90230564769
asserted	1	0.2	0.3577708764	0.9155417528
raise	2	0.6	0.651152823844	1.90230564769
resting	1	0.2	0.3577708764	0.9155417528
wish	1	0.2	0.3577708764	0.9155417528
moderation	1	0.2	0.3577708764	0.9155417528
surveys	4	0.4	0.7155417528	1.8310835056
judicial	1	0.2	0.3577708764	0.9155417528
real	1	0.2	0.3577708764	0.9155417528
century	1	0.2	0.3577708764	0.9155417528
conflict	2	0.4	0.37947331922	1.15894663844
000	37	3.0	5.366563146	13.733126292
aggregate	4	0.2	0.3577708764	0.9155417528
timber	2	0.2	0.3577708764	0.9155417528
march	3	0.6	0.651152823844	1.90230564769
emergency	1	0.2	0.3577708764	0.9155417528
abound	1	0.2	0.3577708764	0.9155417528
imposed	3	1.2	0.885437744847	2.97087548969
resorted	2	0.2	0.3577708764	0.9155417528
province	1	0.2	0.3577708764	0.9155417528
often	2	0.2	0.3577708764	0.9155417528
fathers	1	0.2	0.3577708764	0.9155417528
ourselves	4	1.0	0.894427191	2.788854382
civilization	4	0.2	0.3577708764	0.9155417528
varying	1	0.2	0.3577708764	0.9155417528
feelings	2	0.2	0.3577708764	0.9155417528
exercised	2	0.4	0.37947331922	1.15894663844
conciliatory	1	0.2	0.3577708764	0.9155417528
anterior	1	0.2	0.3577708764	0.9155417528
into	8	4.4	1.49666295471	7.39332590942
within	8	6.6	0.489897948557	7.57979589711
france	5	1.0	0.4472135955	1.894427191
impressed	2	0.4	0.7155417528	1.8310835056
placing	1	0.2	0.3577708764	0.9155417528
pacific	2	0.6	0.309838667697	1.21967733539
suitable	2	0.4	0.37947331922	1.15894663844
principle	5	0.8	0.987927122818	2.77585424564
draw	2	0.2	0.3577708764	0.9155417528
regulations	3	0.4	0.7155417528	1.8310835056
age	1	0.2	0.3577708764	0.9155417528
train	3	0.2	0.3577708764	0.9155417528
requires	2	0.6	0.309838667697	1.21967733539
adjustment	2	0.4	0.37947331922	1.15894663844
virtuous	1	0.2	0.3577708764	0.9155417528
susceptible	2	0.4	0.7155417528	1.8310835056
specific	2	0.4	0.7155417528	1.8310835056
manifestly	1	0.2	0.3577708764	0.9155417528
depression	2	0.4	0.37947331922	1.15894663844
concessions	2	0.2	0.3577708764	0.9155417528
harvests	3	0.4	0.7155417528	1.8310835056
inconveniences	1	0.2	0.3577708764	0.9155417528
3d	1	0.2	0.3577708764	0.9155417528
commercial	13	3.0	2.4899799196	7.9799598392
canals	2	0.2	0.3577708764	0.9155417528
great	30	11.8	5.84465567848	23.489311357
receive	3	1.0	0.894427191	2.788854382
benevolence	3	0.2	0.3577708764	0.9155417528
composed	2	0.2	0.3577708764	0.9155417528
examinations	1	0.2	0.3577708764	0.9155417528
austria	2	0.2	0.3577708764	0.9155417528
examination	1	0.2	0.3577708764	0.9155417528
meant	1	0.2	0.3577708764	0.9155417528
carrying	2	0.6	0.651152823844	1.90230564769
embarked	1	0.2	0.3577708764	0.9155417528
renewed	1	0.2	0.3577708764	0.9155417528
procured	1	0.2	0.3577708764	0.9155417528
establishment	4	1.8	0.558569601751	2.9171392035
buildings	1	0.2	0.3577708764	0.9155417528
counter	1	0.2	0.3577708764	0.9155417528
commodities	1	0.2	0.3577708764	0.9155417528
sanctioned	1	0.2	0.3577708764	0.9155417528
adhered	1	0.2	0.3577708764	0.9155417528
sweden	2	0.2	0.3577708764	0.9155417528
pending	1	0.2	0.3577708764	0.9155417528
material	2	0.4	0.37947331922	1.15894663844
february	1	0.2	0.3577708764	0.9155417528
progressive	1	0.2	0.3577708764	0.9155417528
globe	2	0.2	0.3577708764	0.9155417528
special	2	0.6	0.651152823844	1.90230564769
usual	2	0.6	0.309838667697	1.21967733539
allies	1	0.2	0.3577708764	0.9155417528
diminished	2	0.8	0.1788854382	1.1577708764
south	4	1.0	1.0	3.0
legislative	5	1.0	1.0	3.0
deceptive	1	0.2	0.3577708764	0.9155417528
bears	1	0.2	0.3577708764	0.9155417528
assure	1	0.2	0.3577708764	0.9155417528
adopted	4	0.6	0.309838667697	1.21967733539
interests	9	3.0	2.2803508502	7.5607017004
abolished	1	0.2	0.3577708764	0.9155417528
exhibit	1	0.2	0.3577708764	0.9155417528
border	1	0.2	0.3577708764	0.9155417528
agency	2	0.2	0.3577708764	0.9155417528
unless	2	0.4	0.7155417528	1.8310835056
eight	1	0.2	0.3577708764	0.9155417528
class	1	0.2	0.3577708764	0.9155417528
statute	1	0.2	0.3577708764	0.9155417528
knowledge	3	0.8	0.1788854382	1.1577708764
gradual	4	0.4	0.37947331922	1.15894663844
partially	2	0.2	0.3577708764	0.9155417528
granaries	1	0.2	0.3577708764	0.9155417528
exportation	2	0.4	0.7155417528	1.8310835056
denmark	2	0.2	0.3577708764	0.9155417528
ascertain	2	0.4	0.7155417528	1.8310835056
humane	1	0.2	0.3577708764	0.9155417528
progress	6	2.8	1.48054044187	5.76108088373
invited	2	0.2	0.3577708764	0.9155417528
equal	6	1.0	0.4472135955	1.894427191
april	2	0.4	0.37947331922	1.15894663844
grounds	2	0.6	0.651152823844	1.90230564769
conclude	1	0.2	0.3577708764	0.9155417528
competent	2	0.8	0.1788854382	1.1577708764
addition	5	0.4	0.7155417528	1.8310835056
waste	1	0.2	0.3577708764	0.9155417528
louisiana	1	0.2	0.3577708764	0.9155417528
fellow	6	2.2	0.748331477355	3.69666295471
sultan	1	0.2	0.3577708764	0.9155417528
appearance	1	0.2	0.3577708764	0.9155417528
value	4	1.6	0.963327566303	3.52665513261
encouragement	2	0.8	0.551361950084	1.90272390017
examined	2	0.6	0.651152823844	1.90230564769
wealth	1	0.2	0.3577708764	0.9155417528
enumeration	6	0.2	0.3577708764	0.9155417528
party	1	0.2	0.3577708764	0.9155417528
nation	16	2.8	1.6099689438	6.0199378876
destruction	1	0.2	0.3577708764	0.9155417528
scarcely	4	1.0	1.3416407865	3.683281573
appropriated	2	0.2	0.3577708764	0.9155417528
obstacles	2	0.4	0.7155417528	1.8310835056
restore	2	0.2	0.3577708764	0.9155417528
sanguine	1	0.2	0.3577708764	0.9155417528
distant	4	0.8	1.4310835056	3.6621670112
protecting	2	0.2	0.3577708764	0.9155417528
happiness	2	0.6	0.309838667697	1.21967733539
generous	1	0.2	0.3577708764	0.9155417528
adoption	2	0.4	0.37947331922	1.15894663844
republics	3	0.2	0.3577708764	0.9155417528
five	5	0.2	0.3577708764	0.9155417528
burden	4	0.2	0.3577708764	0.9155417528
excluding	1	0.2	0.3577708764	0.9155417528
january	5	0.2	0.3577708764	0.9155417528
works	6	0.6	0.309838667697	1.21967733539
empire	1	0.2	0.3577708764	0.9155417528
delaware	2	0.2	0.3577708764	0.9155417528
discretion	1	0.2	0.3577708764	0.9155417528
actual	2	0.8	0.551361950084	1.90272390017
freedom	3	0.4	0.37947331922	1.15894663844
certainty	1	0.2	0.3577708764	0.9155417528
shipping	1	0.2	0.3577708764	0.9155417528
dominion	2	0.4	0.7155417528	1.8310835056
letters	1	0.2	0.3577708764	0.9155417528
promise	1	0.2	0.3577708764	0.9155417528
roads	2	0.4	0.7155417528	1.8310835056
terminated	1	0.2	0.3577708764	0.9155417528
naturally	1	0.2	0.3577708764	0.9155417528
north	2	0.6	0.651152823844	1.90230564769
neutral	2	0.2	0.3577708764	0.9155417528
construction	4	0.6	0.651152823844	1.90230564769
he	5	2.0	1.26491106407	4.52982212813
contribute	3	0.2	0.3577708764	0.9155417528
prosperous	2	0.4	0.37947331922	1.15894663844
importations	4	0.2	0.3577708764	0.9155417528
claiming	1	0.2	0.3577708764	0.9155417528
old	1	0.2	0.3577708764	0.9155417528
details	1	0.2	0.3577708764	0.9155417528
conclusion	3	1.0	0.4472135955	1.894427191
ultimately	2	0.2	0.3577708764	0.9155417528
friends	1	0.2	0.3577708764	0.9155417528
commencement	1	0.2	0.3577708764	0.9155417528
