example	3	0.6	0.309838667697	1.21967733539
caution	1	0.2	0.3577708764	0.9155417528
want	2	0.8	0.551361950084	1.90272390017
inhabitants	3	0.6	0.309838667697	1.21967733539
severity	1	0.2	0.3577708764	0.9155417528
arrested	1	0.2	0.3577708764	0.9155417528
improvements	3	0.6	0.651152823844	1.90230564769
side	3	1.0	0.4472135955	1.894427191
lasting	1	0.2	0.3577708764	0.9155417528
councils	1	0.2	0.3577708764	0.9155417528
borne	3	0.4	0.37947331922	1.15894663844
excepting	1	0.2	0.3577708764	0.9155417528
aggravated	2	0.6	0.651152823844	1.90230564769
ending	1	0.2	0.3577708764	0.9155417528
pursuing	2	0.4	0.37947331922	1.15894663844
terms	1	0.2	0.3577708764	0.9155417528
against	10	3.6	1.49666295471	6.59332590942
2nd	1	0.2	0.3577708764	0.9155417528
unhappily	1	0.2	0.3577708764	0.9155417528
enterprises	1	0.2	0.3577708764	0.9155417528
confinement	3	0.2	0.3577708764	0.9155417528
honorable	5	0.8	0.551361950084	1.90272390017
victims	1	0.2	0.3577708764	0.9155417528
unfortunate	1	0.2	0.3577708764	0.9155417528
exertion	1	0.2	0.3577708764	0.9155417528
military	4	1.0	1.0	3.0
humanity	3	0.6	0.651152823844	1.90230564769
possible	3	0.2	0.3577708764	0.9155417528
zeal	2	0.4	0.37947331922	1.15894663844
spared	1	0.2	0.3577708764	0.9155417528
officer	3	0.8	0.987927122818	2.77585424564
effusion	1	0.2	0.3577708764	0.9155417528
everything	1	0.2	0.3577708764	0.9155417528
remained	1	0.2	0.3577708764	0.9155417528
war	28	8.0	2.52982212813	13.0596442563
congratulations	1	0.2	0.3577708764	0.9155417528
umpire	1	0.2	0.3577708764	0.9155417528
promised	1	0.2	0.3577708764	0.9155417528
negotiations	2	0.4	0.37947331922	1.15894663844
daily	1	0.2	0.3577708764	0.9155417528
impulse	1	0.2	0.3577708764	0.9155417528
anticipation	1	0.2	0.3577708764	0.9155417528
none	2	0.6	0.651152823844	1.90230564769
illustrating	1	0.2	0.3577708764	0.9155417528
observance	1	0.2	0.3577708764	0.9155417528
annals	1	0.2	0.3577708764	0.9155417528
falling	1	0.2	0.3577708764	0.9155417528
filled	1	0.2	0.3577708764	0.9155417528
water	2	0.2	0.3577708764	0.9155417528
contemplate	1	0.2	0.3577708764	0.9155417528
brilliant	1	0.2	0.3577708764	0.9155417528
wherever	1	0.2	0.3577708764	0.9155417528
trial	2	0.6	0.309838667697	1.21967733539
vicissitudes	1	0.2	0.3577708764	0.9155417528
incidents	1	0.2	0.3577708764	0.9155417528
destructive	1	0.2	0.3577708764	0.9155417528
branches	1	0.2	0.3577708764	0.9155417528
conscious	1	0.2	0.3577708764	0.9155417528
borrowing	1	0.2	0.3577708764	0.9155417528
yielding	2	0.2	0.3577708764	0.9155417528
interesting	2	0.6	0.651152823844	1.90230564769
vicinity	1	0.2	0.3577708764	0.9155417528
resource	1	0.2	0.3577708764	0.9155417528
maintaining	1	0.2	0.3577708764	0.9155417528
canada	1	0.2	0.3577708764	0.9155417528
opened	2	0.4	0.37947331922	1.15894663844
abide	1	0.2	0.3577708764	0.9155417528
british	18	2.6	1.13490087673	4.86980175346
blood	1	0.2	0.3577708764	0.9155417528
transferred	1	0.2	0.3577708764	0.9155417528
regular	1	0.2	0.3577708764	0.9155417528
subsequent	1	0.2	0.3577708764	0.9155417528
slow	1	0.2	0.3577708764	0.9155417528
mission	2	0.4	0.37947331922	1.15894663844
sacrifices	1	0.2	0.3577708764	0.9155417528
multiplied	2	0.6	0.651152823844	1.90230564769
rapidly	2	0.6	0.651152823844	1.90230564769
possessions	1	0.2	0.3577708764	0.9155417528
expended	1	0.2	0.3577708764	0.9155417528
borders	1	0.2	0.3577708764	0.9155417528
wisely	1	0.2	0.3577708764	0.9155417528
modes	2	0.4	0.7155417528	1.8310835056
confined	4	1.2	1.13841995766	3.47683991532
accepted	1	0.2	0.3577708764	0.9155417528
disappointed	2	0.2	0.3577708764	0.9155417528
moreover	2	0.6	0.651152823844	1.90230564769
duration	1	0.2	0.3577708764	0.9155417528
divine	1	0.2	0.3577708764	0.9155417528
expressing	1	0.2	0.3577708764	0.9155417528
calamities	2	0.4	0.37947331922	1.15894663844
disposed	2	0.6	0.309838667697	1.21967733539
cabinet	1	0.2	0.3577708764	0.9155417528
succeeded	1	0.2	0.3577708764	0.9155417528
longer	2	0.8	0.551361950084	1.90272390017
fill	1	0.2	0.3577708764	0.9155417528
compel	1	0.2	0.3577708764	0.9155417528
mass	2	0.4	0.37947331922	1.15894663844
embracing	1	0.2	0.3577708764	0.9155417528
number	7	2.8	1.32664991614	5.45329983228
opportunities	2	0.4	0.7155417528	1.8310835056
applicable	1	0.2	0.3577708764	0.9155417528
favored	2	0.4	0.37947331922	1.15894663844
inconsiderable	1	0.2	0.3577708764	0.9155417528
naval	4	1.8	0.843800924389	3.48760184878
put	3	0.6	0.309838667697	1.21967733539
apprised	1	0.2	0.3577708764	0.9155417528
markets	2	0.4	0.7155417528	1.8310835056
sent	2	0.6	0.309838667697	1.21967733539
american	11	1.6	1.27121988657	4.14243977313
movements	4	0.2	0.3577708764	0.9155417528
persevering	1	0.2	0.3577708764	0.9155417528
reflect	2	0.2	0.3577708764	0.9155417528
whilst	3	0.4	0.37947331922	1.15894663844
threatens	1	0.2	0.3577708764	0.9155417528
developed	1	0.2	0.3577708764	0.9155417528
actually	1	0.2	0.3577708764	0.9155417528
habits	1	0.2	0.3577708764	0.9155417528
ports	2	0.4	0.7155417528	1.8310835056
event	3	0.4	0.37947331922	1.15894663844
perry	1	0.2	0.3577708764	0.9155417528
7	4	0.8	0.551361950084	1.90272390017
success	4	1.8	0.558569601751	2.9171392035
major	2	0.6	0.651152823844	1.90230564769
seduction	1	0.2	0.3577708764	0.9155417528
maritime	2	0.2	0.3577708764	0.9155417528
coasts	1	0.2	0.3577708764	0.9155417528
double	1	0.2	0.3577708764	0.9155417528
instruction	1	0.2	0.3577708764	0.9155417528
giving	2	0.4	0.37947331922	1.15894663844
perseverance	1	0.2	0.3577708764	0.9155417528
enemy	15	0.8	0.75894663844	2.31789327688
conjuncture	1	0.2	0.3577708764	0.9155417528
close	4	1.4	1.20664825032	3.81329650064
became	1	0.2	0.3577708764	0.9155417528
lake	4	0.4	0.7155417528	1.8310835056
improper	1	0.2	0.3577708764	0.9155417528
signalized	1	0.2	0.3577708764	0.9155417528
meeting	2	0.6	0.309838667697	1.21967733539
determination	2	0.6	0.651152823844	1.90230564769
fate	1	0.2	0.3577708764	0.9155417528
proved	1	0.2	0.3577708764	0.9155417528
forced	2	0.2	0.3577708764	0.9155417528
consistency	1	0.2	0.3577708764	0.9155417528
press	1	0.2	0.3577708764	0.9155417528
discipline	2	0.6	0.651152823844	1.90230564769
province	3	0.4	0.37947331922	1.15894663844
martial	1	0.2	0.3577708764	0.9155417528
scale	1	0.2	0.3577708764	0.9155417528
superiority	1	0.2	0.3577708764	0.9155417528
peculiarly	2	0.4	0.7155417528	1.8310835056
troops	2	0.6	0.309838667697	1.21967733539
militia	5	0.8	0.987927122818	2.77585424564
superior	1	0.2	0.3577708764	0.9155417528
into	14	5.6	1.49666295471	8.59332590942
called	3	0.6	1.0733126292	2.7466252584
associates	2	0.4	0.7155417528	1.8310835056
land	2	1.0	0.4472135955	1.894427191
harbor	1	0.2	0.3577708764	0.9155417528
body	2	0.6	0.651152823844	1.90230564769
highly	2	1.0	0.4472135955	1.894427191
villages	1	0.2	0.3577708764	0.9155417528
37	1	0.2	0.3577708764	0.9155417528
violence	2	0.2	0.3577708764	0.9155417528
daring	1	0.2	0.3577708764	0.9155417528
readiness	1	0.2	0.3577708764	0.9155417528
turned	2	0.2	0.3577708764	0.9155417528
squadron	2	0.6	0.651152823844	1.90230564769
hostile	3	0.6	0.651152823844	1.90230564769
reached	1	0.2	0.3577708764	0.9155417528
durable	1	0.2	0.3577708764	0.9155417528
distinguished	2	1.0	0.4472135955	1.894427191
impression	1	0.2	0.3577708764	0.9155417528
signally	1	0.2	0.3577708764	0.9155417528
pleased	1	0.2	0.3577708764	0.9155417528
employed	3	1.4	0.49799598392	2.39599196784
michigan	1	0.2	0.3577708764	0.9155417528
massacre	1	0.2	0.3577708764	0.9155417528
ended	1	0.2	0.3577708764	0.9155417528
destiny	1	0.2	0.3577708764	0.9155417528
frustrated	1	0.2	0.3577708764	0.9155417528
flourishing	1	0.2	0.3577708764	0.9155417528
controlled	1	0.2	0.3577708764	0.9155417528
abandoned	1	0.2	0.3577708764	0.9155417528
command	5	0.2	0.3577708764	0.9155417528
cruisers	3	0.6	0.651152823844	1.90230564769
corresponds	1	0.2	0.3577708764	0.9155417528
gave	2	0.4	0.7155417528	1.8310835056
warfare	2	0.2	0.3577708764	0.9155417528
worthy	1	0.2	0.3577708764	0.9155417528
gained	4	0.2	0.3577708764	0.9155417528
quarter	3	1.2	0.521536192416	2.24307238483
plenipotentiaries	1	0.2	0.3577708764	0.9155417528
effected	1	0.2	0.3577708764	0.9155417528
contest	3	0.8	0.75894663844	2.31789327688
behold	1	0.2	0.3577708764	0.9155417528
