men	5	1.2	0.885437744847	2.97087548969
yield	2	0.4	0.7155417528	1.8310835056
receivable	1	0.2	0.3577708764	0.9155417528
liberally	1	0.2	0.3577708764	0.9155417528
until	3	1.2	0.885437744847	2.97087548969
example	3	1.0	0.894427191	2.788854382
description	1	0.2	0.3577708764	0.9155417528
thankfulness	1	0.2	0.3577708764	0.9155417528
acknowledged	2	0.4	0.7155417528	1.8310835056
victorious	2	0.2	0.3577708764	0.9155417528
detachment	1	0.2	0.3577708764	0.9155417528
detroit	3	0.2	0.3577708764	0.9155417528
repealed	1	0.2	0.3577708764	0.9155417528
took	1	0.2	0.3577708764	0.9155417528
requisite	1	0.2	0.3577708764	0.9155417528
strength	1	0.2	0.3577708764	0.9155417528
forces	2	0.2	0.3577708764	0.9155417528
residue	2	0.2	0.3577708764	0.9155417528
reimbursement	1	0.2	0.3577708764	0.9155417528
mitigate	2	0.2	0.3577708764	0.9155417528
rich	1	0.2	0.3577708764	0.9155417528
unfortunately	1	0.2	0.3577708764	0.9155417528
favors	1	0.2	0.3577708764	0.9155417528
erroneous	1	0.2	0.3577708764	0.9155417528
terms	2	0.4	0.37947331922	1.15894663844
excite	1	0.2	0.3577708764	0.9155417528
kentucky	1	0.2	0.3577708764	0.9155417528
1812	2	0.2	0.3577708764	0.9155417528
easy	1	0.2	0.3577708764	0.9155417528
signal	1	0.2	0.3577708764	0.9155417528
staff	1	0.2	0.3577708764	0.9155417528
everything	1	0.2	0.3577708764	0.9155417528
destination	1	0.2	0.3577708764	0.9155417528
obtaining	1	0.2	0.3577708764	0.9155417528
accordingly	1	0.2	0.3577708764	0.9155417528
authorized	4	1.8	0.748331477355	3.29666295471
surrender	1	0.2	0.3577708764	0.9155417528
stages	1	0.2	0.3577708764	0.9155417528
examples	1	0.2	0.3577708764	0.9155417528
faithful	1	0.2	0.3577708764	0.9155417528
corps	3	0.2	0.3577708764	0.9155417528
consul	2	0.2	0.3577708764	0.9155417528
religion	1	0.2	0.3577708764	0.9155417528
emergencies	1	0.2	0.3577708764	0.9155417528
brave	1	0.2	0.3577708764	0.9155417528
soldiers	2	0.2	0.3577708764	0.9155417528
port	1	0.2	0.3577708764	0.9155417528
amounting	1	0.2	0.3577708764	0.9155417528
lakes	1	0.2	0.3577708764	0.9155417528
patriotic	1	0.2	0.3577708764	0.9155417528
rendered	2	0.8	0.551361950084	1.90272390017
districts	2	0.2	0.3577708764	0.9155417528
making	2	1.0	0.4472135955	1.894427191
council	3	0.2	0.3577708764	0.9155417528
productive	1	0.2	0.3577708764	0.9155417528
species	1	0.2	0.3577708764	0.9155417528
non	1	0.2	0.3577708764	0.9155417528
views	3	1.0	0.4472135955	1.894427191
sooner	1	0.2	0.3577708764	0.9155417528
vain	1	0.2	0.3577708764	0.9155417528
canada	4	0.4	0.37947331922	1.15894663844
plea	1	0.2	0.3577708764	0.9155417528
ohio	2	0.6	0.651152823844	1.90230564769
advance	2	0.2	0.3577708764	0.9155417528
misfortune	1	0.2	0.3577708764	0.9155417528
necessarily	2	0.8	0.551361950084	1.90272390017
ascendancy	1	0.2	0.3577708764	0.9155417528
regular	2	0.4	0.37947331922	1.15894663844
subsequent	2	0.4	0.37947331922	1.15894663844
perpetrated	1	0.2	0.3577708764	0.9155417528
madison	2	0.4	0.7155417528	1.8310835056
maine	1	0.2	0.3577708764	0.9155417528
fort	1	0.2	0.3577708764	0.9155417528
neither	3	0.6	0.309838667697	1.21967733539
liable	1	0.2	0.3577708764	0.9155417528
declared	3	1.2	0.885437744847	2.97087548969
connections	1	0.2	0.3577708764	0.9155417528
pennsylvania	1	0.2	0.3577708764	0.9155417528
precautions	1	0.2	0.3577708764	0.9155417528
unwise	1	0.2	0.3577708764	0.9155417528
charged	2	0.4	0.37947331922	1.15894663844
captures	1	0.2	0.3577708764	0.9155417528
foot	1	0.2	0.3577708764	0.9155417528
captured	1	0.2	0.3577708764	0.9155417528
presumption	1	0.2	0.3577708764	0.9155417528
4	2	0.4	0.7155417528	1.8310835056
accepted	2	0.4	0.37947331922	1.15894663844
stations	1	0.2	0.3577708764	0.9155417528
unsettled	1	0.2	0.3577708764	0.9155417528
agree	1	0.2	0.3577708764	0.9155417528
field	2	0.4	0.37947331922	1.15894663844
presenting	1	0.2	0.3577708764	0.9155417528
included	1	0.2	0.3577708764	0.9155417528
equitable	1	0.2	0.3577708764	0.9155417528
remote	1	0.2	0.3577708764	0.9155417528
founded	2	0.6	0.651152823844	1.90230564769
everywhere	1	0.2	0.3577708764	0.9155417528
illustrated	1	0.2	0.3577708764	0.9155417528
inspired	1	0.2	0.3577708764	0.9155417528
faculties	2	0.2	0.3577708764	0.9155417528
distinct	1	0.2	0.3577708764	0.9155417528
provisions	5	2.0	0.894427191	3.788854382
invasion	2	0.4	0.37947331922	1.15894663844
precautionary	1	0.2	0.3577708764	0.9155417528
actually	3	0.4	0.37947331922	1.15894663844
shocking	1	0.2	0.3577708764	0.9155417528
residing	1	0.2	0.3577708764	0.9155417528
health	1	0.2	0.3577708764	0.9155417528
refusal	2	0.4	0.7155417528	1.8310835056
success	4	2.2	0.889943818451	3.9798876369
maritime	2	0.6	0.651152823844	1.90230564769
coasts	2	0.4	0.37947331922	1.15894663844
carnage	1	0.2	0.3577708764	0.9155417528
nevertheless	2	0.8	0.551361950084	1.90272390017
merciless	1	0.2	0.3577708764	0.9155417528
orders	4	0.2	0.3577708764	0.9155417528
depending	1	0.2	0.3577708764	0.9155417528
activity	2	0.4	0.7155417528	1.8310835056
harrison	1	0.2	0.3577708764	0.9155417528
defense	4	1.2	0.819756061277	2.83951212255
manly	1	0.2	0.3577708764	0.9155417528
sea	4	0.8	0.987927122818	2.77585424564
incident	2	0.6	0.309838667697	1.21967733539
acceptance	1	0.2	0.3577708764	0.9155417528
meeting	2	0.8	0.551361950084	1.90272390017
exempt	1	0.2	0.3577708764	0.9155417528
systematic	1	0.2	0.3577708764	0.9155417528
towns	1	0.2	0.3577708764	0.9155417528
ready	3	0.6	0.309838667697	1.21967733539
proved	2	0.4	0.37947331922	1.15894663844
alternative	1	0.2	0.3577708764	0.9155417528
formal	1	0.2	0.3577708764	0.9155417528
communications	3	0.8	0.1788854382	1.1577708764
fathers	1	0.2	0.3577708764	0.9155417528
troops	4	1.0	0.4472135955	1.894427191
militia	6	1.2	1.70176379089	4.60352758179
hopes	1	0.2	0.3577708764	0.9155417528
considerable	3	1.2	0.521536192416	2.24307238483
amounts	1	0.2	0.3577708764	0.9155417528
restrained	1	0.2	0.3577708764	0.9155417528
age	2	0.6	0.309838667697	1.21967733539
ascertained	2	0.6	0.309838667697	1.21967733539
barbary	1	0.2	0.3577708764	0.9155417528
dissuade	1	0.2	0.3577708764	0.9155417528
vigorous	1	0.2	0.3577708764	0.9155417528
remains	2	0.6	0.651152823844	1.90230564769
blockades	1	0.2	0.3577708764	0.9155417528
meant	1	0.2	0.3577708764	0.9155417528
high	2	1.0	0.4472135955	1.894427191
holds	1	0.2	0.3577708764	0.9155417528
yielded	1	0.2	0.3577708764	0.9155417528
volunteers	3	0.2	0.3577708764	0.9155417528
furnish	1	0.2	0.3577708764	0.9155417528
enactments	1	0.2	0.3577708764	0.9155417528
assurances	1	0.2	0.3577708764	0.9155417528
ships	5	1.2	0.819756061277	2.83951212255
instruments	1	0.2	0.3577708764	0.9155417528
ambition	1	0.2	0.3577708764	0.9155417528
85	1	0.2	0.3577708764	0.9155417528
gallant	1	0.2	0.3577708764	0.9155417528
frontier	3	0.6	0.309838667697	1.21967733539
relate	1	0.2	0.3577708764	0.9155417528
hostile	3	1.2	0.885437744847	2.97087548969
retain	1	0.2	0.3577708764	0.9155417528
third	1	0.2	0.3577708764	0.9155417528
facility	1	0.2	0.3577708764	0.9155417528
reached	2	0.4	0.37947331922	1.15894663844
prohibiting	1	0.2	0.3577708764	0.9155417528
attack	2	0.4	0.7155417528	1.8310835056
ferocity	1	0.2	0.3577708764	0.9155417528
consoling	1	0.2	0.3577708764	0.9155417528
surrendered	1	0.2	0.3577708764	0.9155417528
constrained	1	0.2	0.3577708764	0.9155417528
face	1	0.2	0.3577708764	0.9155417528
inhabit	1	0.2	0.3577708764	0.9155417528
defenseless	1	0.2	0.3577708764	0.9155417528
glory	1	0.2	0.3577708764	0.9155417528
merits	1	0.2	0.3577708764	0.9155417528
injustice	1	0.2	0.3577708764	0.9155417528
command	7	1.2	1.70176379089	4.60352758179
skill	1	0.2	0.3577708764	0.9155417528
citizen	1	0.2	0.3577708764	0.9155417528
ample	2	0.6	0.309838667697	1.21967733539
proofs	2	0.4	0.7155417528	1.8310835056
intimation	1	0.2	0.3577708764	0.9155417528
repair	2	0.2	0.3577708764	0.9155417528
doubtless	1	0.2	0.3577708764	0.9155417528
transfer	1	0.2	0.3577708764	0.9155417528
support	2	1.0	0.4472135955	1.894427191
avowed	1	0.2	0.3577708764	0.9155417528
contain	1	0.2	0.3577708764	0.9155417528
cruel	1	0.2	0.3577708764	0.9155417528
enlargement	1	0.2	0.3577708764	0.9155417528
bulwark	1	0.2	0.3577708764	0.9155417528
ranks	1	0.2	0.3577708764	0.9155417528
