rational	1	0.2	0.3577708764	0.9155417528
specially	2	0.2	0.3577708764	0.9155417528
postponed	1	0.2	0.3577708764	0.9155417528
punishment	1	0.2	0.3577708764	0.9155417528
inflicting	1	0.2	0.3577708764	0.9155417528
revenues	1	0.2	0.3577708764	0.9155417528
lay	1	0.2	0.3577708764	0.9155417528
provisionally	2	0.2	0.3577708764	0.9155417528
notified	1	0.2	0.3577708764	0.9155417528
laying	1	0.2	0.3577708764	0.9155417528
extinguishment	1	0.2	0.3577708764	0.9155417528
content	1	0.2	0.3577708764	0.9155417528
revival	1	0.2	0.3577708764	0.9155417528
western	2	0.6	0.651152823844	1.90230564769
punish	1	0.2	0.3577708764	0.9155417528
conducive	2	0.2	0.3577708764	0.9155417528
pacification	1	0.2	0.3577708764	0.9155417528
adherence	1	0.2	0.3577708764	0.9155417528
observed	1	0.2	0.3577708764	0.9155417528
said	1	0.2	0.3577708764	0.9155417528
terms	3	0.8	0.551361950084	1.90272390017
entered	1	0.2	0.3577708764	0.9155417528
concerning	2	0.4	0.37947331922	1.15894663844
employ	1	0.2	0.3577708764	0.9155417528
actuated	1	0.2	0.3577708764	0.9155417528
entitled	1	0.2	0.3577708764	0.9155417528
evidences	1	0.2	0.3577708764	0.9155417528
possible	3	0.8	0.987927122818	2.77585424564
yields	1	0.2	0.3577708764	0.9155417528
subscriptions	3	0.2	0.3577708764	0.9155417528
right	1	0.2	0.3577708764	0.9155417528
accordingly	1	0.2	0.3577708764	0.9155417528
sides	1	0.2	0.3577708764	0.9155417528
imparting	1	0.2	0.3577708764	0.9155417528
reality	1	0.2	0.3577708764	0.9155417528
discharge	2	0.8	0.551361950084	1.90272390017
indians	5	0.4	0.7155417528	1.8310835056
disorders	1	0.2	0.3577708764	0.9155417528
fullest	1	0.2	0.3577708764	0.9155417528
posts	1	0.2	0.3577708764	0.9155417528
entertain	1	0.2	0.3577708764	0.9155417528
constituents	1	0.2	0.3577708764	0.9155417528
provision	7	2.8	1.32664991614	5.45329983228
accomplish	1	0.2	0.3577708764	0.9155417528
receiving	2	0.6	0.651152823844	1.90230564769
assurance	2	0.4	0.37947331922	1.15894663844
unsuccessful	1	0.2	0.3577708764	0.9155417528
george	2	0.2	0.3577708764	0.9155417528
district	2	0.2	0.3577708764	0.9155417528
suit	1	0.2	0.3577708764	0.9155417528
imposition	1	0.2	0.3577708764	0.9155417528
sale	2	0.2	0.3577708764	0.9155417528
regulated	1	0.2	0.3577708764	0.9155417528
rewarded	1	0.2	0.3577708764	0.9155417528
intrepidity	1	0.2	0.3577708764	0.9155417528
compensations	1	0.2	0.3577708764	0.9155417528
judiciously	1	0.2	0.3577708764	0.9155417528
unforeseen	1	0.2	0.3577708764	0.9155417528
serves	1	0.2	0.3577708764	0.9155417528
intimate	1	0.2	0.3577708764	0.9155417528
disposed	2	1.0	0.4472135955	1.894427191
october	2	0.4	0.37947331922	1.15894663844
interval	1	0.2	0.3577708764	0.9155417528
you	16	4.4	4.3322049813	13.0644099626
seat	1	0.2	0.3577708764	0.9155417528
resolution	3	0.6	0.651152823844	1.90230564769
laid	4	0.2	0.3577708764	0.9155417528
belonging	1	0.2	0.3577708764	0.9155417528
diffusing	1	0.2	0.3577708764	0.9155417528
certainly	1	0.2	0.3577708764	0.9155417528
standard	1	0.2	0.3577708764	0.9155417528
inspired	1	0.2	0.3577708764	0.9155417528
alexandria	1	0.2	0.3577708764	0.9155417528
uniformity	1	0.2	0.3577708764	0.9155417528
6	1	0.2	0.3577708764	0.9155417528
apprehensions	1	0.2	0.3577708764	0.9155417528
particular	3	1.0	0.894427191	2.788854382
arise	1	0.2	0.3577708764	0.9155417528
respective	2	0.4	0.37947331922	1.15894663844
pleasure	2	0.6	0.651152823844	1.90230564769
unite	1	0.2	0.3577708764	0.9155417528
disposition	2	1.0	0.4472135955	1.894427191
conducted	2	0.2	0.3577708764	0.9155417528
philanthropy	1	0.2	0.3577708764	0.9155417528
justly	1	0.2	0.3577708764	0.9155417528
immediate	4	1.4	1.20332871652	3.80665743304
consult	1	0.2	0.3577708764	0.9155417528
depending	1	0.2	0.3577708764	0.9155417528
plan	2	0.6	0.651152823844	1.90230564769
loan	1	0.2	0.3577708764	0.9155417528
distressing	1	0.2	0.3577708764	0.9155417528
sensible	1	0.2	0.3577708764	0.9155417528
progressive	1	0.2	0.3577708764	0.9155417528
set	2	0.6	0.309838667697	1.21967733539
classes	1	0.2	0.3577708764	0.9155417528
rapid	1	0.2	0.3577708764	0.9155417528
became	1	0.2	0.3577708764	0.9155417528
wish	1	0.2	0.3577708764	0.9155417528
moderation	2	0.4	0.37947331922	1.15894663844
comprehensive	2	0.6	0.651152823844	1.90230564769
go	1	0.2	0.3577708764	0.9155417528
engage	1	0.2	0.3577708764	0.9155417528
guidance	1	0.2	0.3577708764	0.9155417528
resolutions	1	0.2	0.3577708764	0.9155417528
zealous	1	0.2	0.3577708764	0.9155417528
blessings	2	0.6	0.309838667697	1.21967733539
frontiers	2	0.8	0.1788854382	1.1577708764
sufficiently	1	0.2	0.3577708764	0.9155417528
mode	1	0.2	0.3577708764	0.9155417528
agriculture	1	0.2	0.3577708764	0.9155417528
potomac	1	0.2	0.3577708764	0.9155417528
reference	2	0.4	0.7155417528	1.8310835056
providential	1	0.2	0.3577708764	0.9155417528
completed	3	0.8	0.987927122818	2.77585424564
holland	1	0.2	0.3577708764	0.9155417528
need	1	0.2	0.3577708764	0.9155417528
conciliate	1	0.2	0.3577708764	0.9155417528
taxes	1	0.2	0.3577708764	0.9155417528
derive	1	0.2	0.3577708764	0.9155417528
advisable	1	0.2	0.3577708764	0.9155417528
arrangements	3	0.4	0.37947331922	1.15894663844
happiness	2	0.6	0.651152823844	1.90230564769
varied	1	0.2	0.3577708764	0.9155417528
proper	7	3.4	1.76861527755	6.93723055511
washington	3	0.2	0.3577708764	0.9155417528
naturally	3	0.4	0.37947331922	1.15894663844
entering	1	0.2	0.3577708764	0.9155417528
universal	1	0.2	0.3577708764	0.9155417528
