desirable	4	1.0	0.4472135955	1.894427191
liberty	2	0.4	0.37947331922	1.15894663844
harbors	3	0.4	0.7155417528	1.8310835056
men	8	2.2	1.41138230115	5.0227646023
entrance	1	0.2	0.3577708764	0.9155417528
changed	1	0.2	0.3577708764	0.9155417528
secure	2	0.6	0.651152823844	1.90230564769
explained	1	0.2	0.3577708764	0.9155417528
connecticut	1	0.2	0.3577708764	0.9155417528
join	1	0.2	0.3577708764	0.9155417528
advancing	1	0.2	0.3577708764	0.9155417528
customs	1	0.2	0.3577708764	0.9155417528
wrong	1	0.2	0.3577708764	0.9155417528
destined	1	0.2	0.3577708764	0.9155417528
cherokees	1	0.2	0.3577708764	0.9155417528
vessels	8	1.2	0.819756061277	2.83951212255
disputed	1	0.2	0.3577708764	0.9155417528
responsible	1	0.2	0.3577708764	0.9155417528
forces	2	0.6	0.651152823844	1.90230564769
mouth	1	0.2	0.3577708764	0.9155417528
orleans	1	0.2	0.3577708764	0.9155417528
reposed	1	0.2	0.3577708764	0.9155417528
appeared	1	0.2	0.3577708764	0.9155417528
remained	1	0.2	0.3577708764	0.9155417528
families	3	0.2	0.3577708764	0.9155417528
propositions	1	0.2	0.3577708764	0.9155417528
spoliations	1	0.2	0.3577708764	0.9155417528
repose	1	0.2	0.3577708764	0.9155417528
facts	2	0.2	0.3577708764	0.9155417528
houses	2	0.6	0.651152823844	1.90230564769
advanced	1	0.2	0.3577708764	0.9155417528
unnecessary	1	0.2	0.3577708764	0.9155417528
enemies	1	0.2	0.3577708764	0.9155417528
congratulate	1	0.2	0.3577708764	0.9155417528
bound	1	0.2	0.3577708764	0.9155417528
right	2	0.2	0.3577708764	0.9155417528
reducing	1	0.2	0.3577708764	0.9155417528
way	2	0.8	0.551361950084	1.90272390017
head	1	0.2	0.3577708764	0.9155417528
differences	1	0.2	0.3577708764	0.9155417528
fears	1	0.2	0.3577708764	0.9155417528
depend	1	0.2	0.3577708764	0.9155417528
choice	1	0.2	0.3577708764	0.9155417528
inland	1	0.2	0.3577708764	0.9155417528
port	2	0.4	0.37947331922	1.15894663844
territories	2	0.4	0.7155417528	1.8310835056
lessened	1	0.2	0.3577708764	0.9155417528
autumn	1	0.2	0.3577708764	0.9155417528
subsisting	1	0.2	0.3577708764	0.9155417528
constituents	2	0.4	0.37947331922	1.15894663844
interesting	2	0.6	0.651152823844	1.90230564769
boats	2	0.2	0.3577708764	0.9155417528
times	4	1.0	1.3416407865	3.683281573
begun	1	0.2	0.3577708764	0.9155417528
avoided	1	0.2	0.3577708764	0.9155417528
correct	2	0.2	0.3577708764	0.9155417528
exploring	1	0.2	0.3577708764	0.9155417528
13	1	0.2	0.3577708764	0.9155417528
18	2	0.4	0.7155417528	1.8310835056
forever	1	0.2	0.3577708764	0.9155417528
borrow	1	0.2	0.3577708764	0.9155417528
3	3	0.6	0.651152823844	1.90230564769
affecting	1	0.2	0.3577708764	0.9155417528
engaged	2	0.6	0.309838667697	1.21967733539
develop	1	0.2	0.3577708764	0.9155417528
complained	1	0.2	0.3577708764	0.9155417528
charged	2	1.0	0.4472135955	1.894427191
4	3	1.0	0.632455532034	2.26491106407
preference	1	0.2	0.3577708764	0.9155417528
bravery	1	0.2	0.3577708764	0.9155417528
pursuits	1	0.2	0.3577708764	0.9155417528
offenders	1	0.2	0.3577708764	0.9155417528
enormities	1	0.2	0.3577708764	0.9155417528
communication	2	1.0	0.4472135955	1.894427191
assumed	2	0.4	0.37947331922	1.15894663844
strictly	2	0.2	0.3577708764	0.9155417528
unsettled	1	0.2	0.3577708764	0.9155417528
expect	3	0.8	0.551361950084	1.90272390017
endeavors	1	0.2	0.3577708764	0.9155417528
consider	3	0.2	0.3577708764	0.9155417528
number	8	3.4	1.8782971011	7.1565942022
prevails	1	0.2	0.3577708764	0.9155417528
narrow	1	0.2	0.3577708764	0.9155417528
armed	4	0.2	0.3577708764	0.9155417528
arise	2	0.4	0.37947331922	1.15894663844
respective	2	0.6	0.651152823844	1.90230564769
threatens	1	0.2	0.3577708764	0.9155417528
propensity	1	0.2	0.3577708764	0.9155417528
health	3	0.2	0.3577708764	0.9155417528
reason	4	1.4	1.20664825032	3.81329650064
peaceable	3	0.4	0.37947331922	1.15894663844
expedient	2	0.6	0.651152823844	1.90230564769
belligerent	4	0.2	0.3577708764	0.9155417528
coasts	3	0.8	0.551361950084	1.90272390017
calculations	1	0.2	0.3577708764	0.9155417528
determined	1	0.2	0.3577708764	0.9155417528
find	1	0.2	0.3577708764	0.9155417528
8	1	0.2	0.3577708764	0.9155417528
river	3	0.4	0.37947331922	1.15894663844
sea	7	1.4	1.36528385327	4.13056770654
conditions	1	0.2	0.3577708764	0.9155417528
recently	2	0.8	0.551361950084	1.90272390017
mean	1	0.2	0.3577708764	0.9155417528
millions	10	3.6	2.87332559937	9.34665119874
respecting	2	0.2	0.3577708764	0.9155417528
faithfully	2	0.4	0.7155417528	1.8310835056
meeting	5	1.0	0.632455532034	2.26491106407
georgia	1	0.2	0.3577708764	0.9155417528
real	2	0.4	0.37947331922	1.15894663844
revisal	1	0.2	0.3577708764	0.9155417528
arrived	1	0.2	0.3577708764	0.9155417528
withdraw	1	0.2	0.3577708764	0.9155417528
injuries	2	0.6	0.651152823844	1.90230564769
goods	1	0.2	0.3577708764	0.9155417528
risk	1	0.2	0.3577708764	0.9155417528
occupy	1	0.2	0.3577708764	0.9155417528
considerably	1	0.2	0.3577708764	0.9155417528
sometimes	1	0.2	0.3577708764	0.9155417528
peace	7	4.6	0.8	6.2
land	3	0.6	0.651152823844	1.90230564769
fatal	1	0.2	0.3577708764	0.9155417528
seized	1	0.2	0.3577708764	0.9155417528
continues	1	0.2	0.3577708764	0.9155417528
frigates	1	0.2	0.3577708764	0.9155417528
mediterranean	1	0.2	0.3577708764	0.9155417528
access	1	0.2	0.3577708764	0.9155417528
separation	1	0.2	0.3577708764	0.9155417528
danger	2	0.4	0.37947331922	1.15894663844
examination	1	0.2	0.3577708764	0.9155417528
high	2	0.8	0.551361950084	1.90272390017
augment	1	0.2	0.3577708764	0.9155417528
practical	1	0.2	0.3577708764	0.9155417528
waters	2	0.2	0.3577708764	0.9155417528
readiness	2	0.2	0.3577708764	0.9155417528
spain	2	0.4	0.37947331922	1.15894663844
furnish	2	0.2	0.3577708764	0.9155417528
truth	2	0.6	0.651152823844	1.90230564769
upward	2	0.4	0.7155417528	1.8310835056
acknowledgment	1	0.2	0.3577708764	0.9155417528
unencumbered	1	0.2	0.3577708764	0.9155417528
conflicts	1	0.2	0.3577708764	0.9155417528
improving	1	0.2	0.3577708764	0.9155417528
occurrences	1	0.2	0.3577708764	0.9155417528
things	2	0.6	0.651152823844	1.90230564769
false	1	0.2	0.3577708764	0.9155417528
discussions	1	0.2	0.3577708764	0.9155417528
preparations	1	0.2	0.3577708764	0.9155417528
disease	3	0.2	0.3577708764	0.9155417528
principal	4	1.6	1.15238882327	3.90477764654
displayed	1	0.2	0.3577708764	0.9155417528
quiet	1	0.2	0.3577708764	0.9155417528
boundary	2	0.6	0.651152823844	1.90230564769
firmness	1	0.2	0.3577708764	0.9155417528
regular	3	0.6	0.651152823844	1.90230564769
restrictions	1	0.2	0.3577708764	0.9155417528
limits	4	0.6	0.309838667697	1.21967733539
admit	3	0.2	0.3577708764	0.9155417528
passing	2	0.2	0.3577708764	0.9155417528
competent	4	0.8	0.551361950084	1.90272390017
second	2	0.6	0.651152823844	1.90230564769
waste	1	0.2	0.3577708764	0.9155417528
louisiana	1	0.2	0.3577708764	0.9155417528
suggested	1	0.2	0.3577708764	0.9155417528
abandoned	1	0.2	0.3577708764	0.9155417528
parts	4	1.0	0.4472135955	1.894427191
party	1	0.2	0.3577708764	0.9155417528
name	1	0.2	0.3577708764	0.9155417528
become	4	1.2	1.30230564769	3.80461129538
discretion	1	0.2	0.3577708764	0.9155417528
certainty	1	0.2	0.3577708764	0.9155417528
valor	1	0.2	0.3577708764	0.9155417528
three	4	1.0	1.3416407865	3.683281573
neutral	2	0.4	0.7155417528	1.8310835056
count	1	0.2	0.3577708764	0.9155417528
plundered	2	0.4	0.37947331922	1.15894663844
functions	2	0.4	0.7155417528	1.8310835056
old	1	0.2	0.3577708764	0.9155417528
oppression	1	0.2	0.3577708764	0.9155417528
