captain	2	0.6	0.651152823844	1.90230564769
every	19	4.6	2.15406592285	8.90813184571
lessen	2	0.4	0.7155417528	1.8310835056
established	3	0.8	0.551361950084	1.90272390017
settlement	1	0.2	0.3577708764	0.9155417528
protection	5	1.4	0.809938269253	3.01987653851
punishment	2	0.4	0.37947331922	1.15894663844
brought	3	0.4	0.7155417528	1.8310835056
would	24	8.2	3.81575680567	15.8315136113
therefore	7	1.0	0.894427191	2.788854382
preserved	3	0.2	0.3577708764	0.9155417528
acceded	1	0.2	0.3577708764	0.9155417528
it	85	34.6	13.3056379028	61.2112758056
organized	3	0.4	0.37947331922	1.15894663844
louisville	1	0.2	0.3577708764	0.9155417528
ratification	1	0.2	0.3577708764	0.9155417528
law	11	3.2	1.92665513261	7.05331026521
order	6	0.4	0.7155417528	1.8310835056
prohibition	1	0.2	0.3577708764	0.9155417528
satisfied	2	0.2	0.3577708764	0.9155417528
fit	1	0.2	0.3577708764	0.9155417528
better	1	0.2	0.3577708764	0.9155417528
then	4	0.6	0.651152823844	1.90230564769
bank	1	0.2	0.3577708764	0.9155417528
netherlands	2	0.4	0.7155417528	1.8310835056
reasonable	2	0.6	0.309838667697	1.21967733539
each	14	1.6	1.58996855315	4.7799371063
entitled	3	0.4	0.37947331922	1.15894663844
side	4	1.0	1.0	3.0
afforded	2	0.4	0.37947331922	1.15894663844
pensacola	3	0.2	0.3577708764	0.9155417528
vessels	23	2.2	2.75535841589	7.71071683177
enlightened	3	0.6	0.309838667697	1.21967733539
repealed	2	0.2	0.3577708764	0.9155417528
system	8	2.4	2.16517897644	6.73035795287
took	1	0.2	0.3577708764	0.9155417528
wisdom	2	0.6	0.651152823844	1.90230564769
powers	18	3.2	2.22710574513	7.65421149026
respecting	3	0.4	0.7155417528	1.8310835056
mind	1	0.2	0.3577708764	0.9155417528
raw	1	0.2	0.3577708764	0.9155417528
manner	2	0.8	0.1788854382	1.1577708764
regulate	1	0.2	0.3577708764	0.9155417528
strength	2	0.4	0.37947331922	1.15894663844
laden	1	0.2	0.3577708764	0.9155417528
latter	3	1.0	0.4472135955	1.894427191
materials	3	0.6	0.309838667697	1.21967733539
punish	1	0.2	0.3577708764	0.9155417528
object	4	1.8	0.558569601751	2.9171392035
treaty	13	1.6	1.97585424564	5.55170849127
left	1	0.2	0.3577708764	0.9155417528
participate	1	0.2	0.3577708764	0.9155417528
adequate	5	0.6	0.651152823844	1.90230564769
do	2	0.8	0.551361950084	1.90272390017
de	1	0.2	0.3577708764	0.9155417528
supplies	3	0.6	0.651152823844	1.90230564769
countries	7	1.6	1.58996855315	4.7799371063
fair	3	0.2	0.3577708764	0.9155417528
result	6	1.6	0.726636084983	3.05327216997
said	1	0.2	0.3577708764	0.9155417528
capacity	1	0.2	0.3577708764	0.9155417528
extend	2	0.2	0.3577708764	0.9155417528
however	5	2.8	0.979795897113	4.75959179423
extent	7	1.2	0.885437744847	2.97087548969
essentially	1	0.2	0.3577708764	0.9155417528
negotiation	2	0.4	0.37947331922	1.15894663844
appeared	1	0.2	0.3577708764	0.9155417528
basis	5	0.4	0.37947331922	1.15894663844
expected	6	2.6	1.35646599663	5.31293199325
entered	3	0.4	0.37947331922	1.15894663844
duties	13	3.4	4.5965204231	12.5930408462
board	3	0.8	0.987927122818	2.77585424564
doubts	1	0.2	0.3577708764	0.9155417528
in	130	71.0	27.2396769438	125.479353888
make	4	1.2	0.619677335393	2.43935467079
colonies	9	1.4	2.5043961348	6.4087922696
european	4	0.8	1.4310835056	3.6621670112
hastening	1	0.2	0.3577708764	0.9155417528
stipulated	1	0.2	0.3577708764	0.9155417528
greatest	2	0.4	0.37947331922	1.15894663844
just	8	2.6	0.489897948557	3.57979589711
instance	4	0.8	0.551361950084	1.90272390017
character	4	1.8	0.748331477355	3.29666295471
productions	9	0.2	0.3577708764	0.9155417528
denied	1	0.2	0.3577708764	0.9155417528
manufacturing	2	0.4	0.7155417528	1.8310835056
efforts	2	0.4	0.37947331922	1.15894663844
right	4	0.6	0.651152823844	1.90230564769
soon	6	1.0	0.4472135955	1.894427191
existed	1	0.2	0.3577708764	0.9155417528
was	44	16.0	9.67470929796	35.3494185959
forming	2	0.4	0.7155417528	1.8310835056
becoming	1	0.2	0.3577708764	0.9155417528
differences	1	0.2	0.3577708764	0.9155417528
ceded	5	0.2	0.3577708764	0.9155417528
removed	1	0.2	0.3577708764	0.9155417528
sides	1	0.2	0.3577708764	0.9155417528
exist	2	0.2	0.3577708764	0.9155417528
faithful	1	0.2	0.3577708764	0.9155417528
no	16	7.2	3.24961536185	13.6992307237
1803	1	0.2	0.3577708764	0.9155417528
serious	4	0.4	0.37947331922	1.15894663844
unprincipled	1	0.2	0.3577708764	0.9155417528
division	1	0.2	0.3577708764	0.9155417528
advantage	3	0.6	0.309838667697	1.21967733539
none	2	0.4	0.7155417528	1.8310835056
did	1	0.2	0.3577708764	0.9155417528
prevent	1	0.2	0.3577708764	0.9155417528
injunction	1	0.2	0.3577708764	0.9155417528
port	3	0.6	0.651152823844	1.90230564769
appear	4	0.2	0.3577708764	0.9155417528
contracted	1	0.2	0.3577708764	0.9155417528
change	5	0.6	0.309838667697	1.21967733539
acceptable	1	0.2	0.3577708764	0.9155417528
whatever	3	0.4	0.37947331922	1.15894663844
cases	4	0.6	0.651152823844	1.90230564769
districts	2	1.0	0.4472135955	1.894427191
claim	2	0.4	0.37947331922	1.15894663844
sense	2	0.2	0.3577708764	0.9155417528
performed	1	0.2	0.3577708764	0.9155417528
allowed	6	0.8	0.551361950084	1.90272390017
offense	2	0.2	0.3577708764	0.9155417528
discussion	1	0.2	0.3577708764	0.9155417528
economy	1	0.2	0.3577708764	0.9155417528
4th	2	0.2	0.3577708764	0.9155417528
such	26	6.4	2.33238075794	11.0647615159
st	9	0.4	0.7155417528	1.8310835056
so	14	6.8	2.56124969497	11.9224993899
unfavorable	2	0.2	0.3577708764	0.9155417528
derive	1	0.2	0.3577708764	0.9155417528
amounted	2	0.2	0.3577708764	0.9155417528
whole	8	3.0	2.44948974278	7.89897948557
into	17	8.0	3.7947331922	15.5894663844
term	2	0.8	0.551361950084	1.90272390017
establishing	1	0.2	0.3577708764	0.9155417528
entirely	2	0.2	0.3577708764	0.9155417528
1820	3	0.2	0.3577708764	0.9155417528
3rd	5	0.4	0.7155417528	1.8310835056
attended	3	0.2	0.3577708764	0.9155417528
advantages	3	0.6	1.0733126292	2.7466252584
accommodation	4	0.2	0.3577708764	0.9155417528
care	1	0.2	0.3577708764	0.9155417528
contemplation	1	0.2	0.3577708764	0.9155417528
invitation	1	0.2	0.3577708764	0.9155417528
omitted	1	0.2	0.3577708764	0.9155417528
commissioners	3	0.6	1.0733126292	2.7466252584
carry	2	0.4	0.37947331922	1.15894663844
given	9	0.8	0.987927122818	2.77585424564
district	3	0.6	0.651152823844	1.90230564769
that	82	42.6	17.6589920437	77.9179840874
population	3	0.8	0.551361950084	1.90272390017
16	1	0.2	0.3577708764	0.9155417528
were	22	7.4	3.82622529394	15.0524505879
measure	2	0.6	0.309838667697	1.21967733539
any	19	5.4	3.00665927567	11.4133185513
performance	2	0.2	0.3577708764	0.9155417528
price	2	0.4	0.7155417528	1.8310835056
paid	4	0.8	0.987927122818	2.77585424564
forever	1	0.2	0.3577708764	0.9155417528
especially	6	0.6	0.651152823844	1.90230564769
considered	4	0.6	1.0733126292	2.7466252584
adopt	2	0.2	0.3577708764	0.9155417528
laws	15	3.4	2.0591260282	7.51825205639
pacific	2	0.6	0.651152823844	1.90230564769
ground	3	0.6	0.309838667697	1.21967733539
gulf	1	0.2	0.3577708764	0.9155417528
proportion	2	0.8	0.551361950084	1.90272390017
treasury	7	3.0	1.67332005307	6.34664010614
over	3	1.2	0.619677335393	2.43935467079
fortifications	5	0.6	1.0733126292	2.7466252584
liable	1	0.2	0.3577708764	0.9155417528
concern	2	0.2	0.3577708764	0.9155417528
subsequent	2	0.6	0.651152823844	1.90230564769
3	3	1.2	0.885437744847	2.97087548969
article	10	1.4	2.06494551986	5.52989103972
many	5	1.2	0.819756061277	2.83951212255
according	3	0.6	0.309838667697	1.21967733539
comes	1	0.2	0.3577708764	0.9155417528
afterwards	1	0.2	0.3577708764	0.9155417528
maintained	2	0.6	0.651152823844	1.90230564769
arts	1	0.2	0.3577708764	0.9155417528
almighty	1	0.2	0.3577708764	0.9155417528
wants	1	0.2	0.3577708764	0.9155417528
those	24	8.0	5.17687164222	18.3537432844
accommodating	1	0.2	0.3577708764	0.9155417528
engaged	2	0.8	0.551361950084	1.90272390017
granted	5	0.2	0.3577708764	0.9155417528
same	11	4.0	1.67332005307	7.34664010614
extended	5	0.6	0.651152823844	1.90230564769
very	7	0.8	0.987927122818	2.77585424564
termination	2	0.4	0.37947331922	1.15894663844
being	8	1.6	0.726636084983	3.05327216997
rules	1	0.2	0.3577708764	0.9155417528
provided	5	0.8	0.551361950084	1.90272390017
execution	5	1.0	1.0	3.0
offenders	2	0.4	0.37947331922	1.15894663844
benefit	1	0.2	0.3577708764	0.9155417528
either	4	1.4	1.20332871652	3.80665743304
reduced	1	0.2	0.3577708764	0.9155417528
footing	4	0.6	0.309838667697	1.21967733539
moderate	2	0.2	0.3577708764	0.9155417528
process	1	0.2	0.3577708764	0.9155417528
on	57	29.4	12.3223374406	54.0446748812
stations	1	0.2	0.3577708764	0.9155417528
stipulations	1	0.2	0.3577708764	0.9155417528
or	14	6.2	2.63818119165	11.4763623833
her	10	2.2	1.26174482365	4.72348964729
there	14	3.2	1.3084341787	5.81686835741
vested	2	0.4	0.37947331922	1.15894663844
regard	3	0.6	0.651152823844	1.90230564769
agree	1	0.2	0.3577708764	0.9155417528
deliberation	1	0.2	0.3577708764	0.9155417528
certain	3	0.8	0.1788854382	1.1577708764
corresponding	4	1.0	1.3416407865	3.683281573
formed	5	0.2	0.3577708764	0.9155417528
deriving	2	0.2	0.3577708764	0.9155417528
important	8	3.8	2.03960780544	7.87921561087
remote	1	0.2	0.3577708764	0.9155417528
doubted	1	0.2	0.3577708764	0.9155417528
founded	2	0.6	0.651152823844	1.90230564769
pledged	1	0.2	0.3577708764	0.9155417528
to	231	123.0	53.6768106355	230.353621271
paying	2	0.2	0.3577708764	0.9155417528
belonging	1	0.2	0.3577708764	0.9155417528
appointment	1	0.2	0.3577708764	0.9155417528
decide	1	0.2	0.3577708764	0.9155417528
difference	1	0.2	0.3577708764	0.9155417528
applicable	3	0.2	0.3577708764	0.9155417528
large	2	1.0	0.4472135955	1.894427191
197	2	0.2	0.3577708764	0.9155417528
past	1	0.2	0.3577708764	0.9155417528
imported	4	0.2	0.3577708764	0.9155417528
deeply	1	0.2	0.3577708764	0.9155417528
acknowledgments	1	0.2	0.3577708764	0.9155417528
certainly	1	0.2	0.3577708764	0.9155417528
inconsiderable	1	0.2	0.3577708764	0.9155417528
strong	2	0.4	0.7155417528	1.8310835056
conviction	1	0.2	0.3577708764	0.9155417528
compliance	2	0.2	0.3577708764	0.9155417528
struggle	1	0.2	0.3577708764	0.9155417528
proceed	1	0.2	0.3577708764	0.9155417528
foundations	1	0.2	0.3577708764	0.9155417528
suffered	1	0.2	0.3577708764	0.9155417528
town	1	0.2	0.3577708764	0.9155417528
resources	2	0.6	0.309838667697	1.21967733539
collision	1	0.2	0.3577708764	0.9155417528
court	1	0.2	0.3577708764	0.9155417528
intended	4	0.2	0.3577708764	0.9155417528
rude	2	0.2	0.3577708764	0.9155417528
derived	3	0.4	0.37947331922	1.15894663844
different	4	1.0	0.894427191	2.788854382
invasion	2	0.6	0.651152823844	1.90230564769
trade	7	1.8	2.3799159649	6.55983192981
held	1	0.2	0.3577708764	0.9155417528
committed	3	1.0	0.894427191	2.788854382
disclosed	1	0.2	0.3577708764	0.9155417528
return	5	1.6	0.489897948557	2.57979589711
easily	1	0.2	0.3577708764	0.9155417528
hereafter	1	0.2	0.3577708764	0.9155417528
ports	13	0.6	0.651152823844	1.90230564769
defects	1	0.2	0.3577708764	0.9155417528
house	5	1.6	0.8	3.2
reduce	1	0.2	0.3577708764	0.9155417528
since	6	2.2	1.41138230115	5.0227646023
favored	3	1.0	0.4472135955	1.894427191
difficulty	2	0.2	0.3577708764	0.9155417528
consequence	3	0.6	0.651152823844	1.90230564769
done	2	0.6	0.651152823844	1.90230564769
regret	1	0.2	0.3577708764	0.9155417528
station	1	0.2	0.3577708764	0.9155417528
option	1	0.2	0.3577708764	0.9155417528
believe	2	0.2	0.3577708764	0.9155417528
ages	1	0.2	0.3577708764	0.9155417528
officers	5	2.0	1.09544511501	4.19089023002
also	7	4.2	0.979795897113	6.15959179423
internal	3	0.8	0.75894663844	2.31789327688
admitted	7	0.2	0.3577708764	0.9155417528
part	11	4.0	2.0	8.0
find	1	0.2	0.3577708764	0.9155417528
dependent	1	0.2	0.3577708764	0.9155417528
river	4	1.0	0.894427191	2.788854382
conditions	10	0.4	0.37947331922	1.15894663844
foreign	11	3.4	3.08674585932	9.57349171863
majesty	4	0.6	1.0733126292	2.7466252584
reasons	1	0.2	0.3577708764	0.9155417528
acted	1	0.2	0.3577708764	0.9155417528
improper	1	0.2	0.3577708764	0.9155417528
vessel	3	0.8	0.551361950084	1.90272390017
due	9	1.8	0.843800924389	3.48760184878
territory	7	1.0	0.632455532034	2.26491106407
fund	2	0.2	0.3577708764	0.9155417528
demand	7	0.2	0.3577708764	0.9155417528
yards	1	0.2	0.3577708764	0.9155417528
judicial	1	0.2	0.3577708764	0.9155417528
governor	4	0.2	0.3577708764	0.9155417528
engineers	1	0.2	0.3577708764	0.9155417528
increased	3	1.0	0.894427191	2.788854382
belong	1	0.2	0.3577708764	0.9155417528
transitory	1	0.2	0.3577708764	0.9155417528
purpose	6	1.0	0.632455532034	2.26491106407
necessity	4	2.0	0.894427191	3.788854382
withdraw	1	0.2	0.3577708764	0.9155417528
quarters	3	0.2	0.3577708764	0.9155417528
accepted	3	0.6	0.651152823844	1.90230564769
revenue	18	3.6	5.5914220016	14.7828440032
complaint	2	0.2	0.3577708764	0.9155417528
march	5	0.6	1.0733126292	2.7466252584
demands	2	1.0	0.4472135955	1.894427191
dominions	6	0.6	0.651152823844	1.90230564769
continue	2	0.2	0.3577708764	0.9155417528
delivered	2	0.2	0.3577708764	0.9155417528
scale	2	0.2	0.3577708764	0.9155417528
decision	2	0.6	0.309838667697	1.21967733539
be	96	41.2	16.0299719276	73.2599438552
refused	1	0.2	0.3577708764	0.9155417528
relating	4	0.6	0.651152823844	1.90230564769
goods	2	0.2	0.3577708764	0.9155417528
conciliatory	1	0.2	0.3577708764	0.9155417528
france	9	1.4	1.629723903	4.65944780599
governed	1	0.2	0.3577708764	0.9155417528
placing	1	0.2	0.3577708764	0.9155417528
question	2	0.2	0.3577708764	0.9155417528
considerably	1	0.2	0.3577708764	0.9155417528
duly	1	0.2	0.3577708764	0.9155417528
atlantic	1	0.2	0.3577708764	0.9155417528
raising	1	0.2	0.3577708764	0.9155417528
consist	1	0.2	0.3577708764	0.9155417528
gratifying	1	0.2	0.3577708764	0.9155417528
likewise	7	0.2	0.3577708764	0.9155417528
as	47	28.4	9.04654630232	46.4930926046
violate	1	0.2	0.3577708764	0.9155417528
application	3	0.2	0.3577708764	0.9155417528
existing	8	1.0	0.894427191	2.788854382
cruises	1	0.2	0.3577708764	0.9155417528
appointed	8	0.4	0.7155417528	1.8310835056
friendly	3	1.0	0.894427191	2.788854382
seized	2	0.4	0.37947331922	1.15894663844
timely	1	0.2	0.3577708764	0.9155417528
barbary	1	0.2	0.3577708764	0.9155417528
manifestly	1	0.2	0.3577708764	0.9155417528
power	13	3.0	2.44948974278	7.89897948557
concessions	2	0.4	0.7155417528	1.8310835056
exercise	2	0.8	0.551361950084	1.90272390017
larger	1	0.2	0.3577708764	0.9155417528
leaving	1	0.2	0.3577708764	0.9155417528
had	20	6.6	5.53534100124	17.6706820025
consumption	1	0.2	0.3577708764	0.9155417528
next	4	1.6	0.489897948557	2.57979589711
examination	2	0.4	0.37947331922	1.15894663844
manufactures	15	1.6	1.15238882327	3.90477764654
reciprocity	2	0.8	0.551361950084	1.90272390017
occurred	5	0.6	1.0733126292	2.7466252584
carrying	4	0.8	0.75894663844	2.31789327688
augment	1	0.2	0.3577708764	0.9155417528
when	8	2.6	1.81328431306	6.22656862613
obvious	1	0.2	0.3577708764	0.9155417528
conformity	1	0.2	0.3577708764	0.9155417528
proof	1	0.2	0.3577708764	0.9155417528
purposes	2	0.4	0.37947331922	1.15894663844
fulfillment	1	0.2	0.3577708764	0.9155417528
united	34	13.2	8.58836422143	30.3767284429
arrangement	1	0.2	0.3577708764	0.9155417528
spain	11	0.6	0.651152823844	1.90230564769
sanctioned	1	0.2	0.3577708764	0.9155417528
including	2	0.2	0.3577708764	0.9155417528
mentioned	2	0.2	0.3577708764	0.9155417528
labor	2	0.6	0.651152823844	1.90230564769
sweden	2	0.6	0.651152823844	1.90230564769
pending	1	0.2	0.3577708764	0.9155417528
greater	5	0.6	0.651152823844	1.90230564769
day	5	1.4	0.489897948557	2.37979589711
articles	9	0.6	1.0733126292	2.7466252584
february	1	0.2	0.3577708764	0.9155417528
stock	4	0.2	0.3577708764	0.9155417528
pursuits	1	0.2	0.3577708764	0.9155417528
deficiency	3	0.4	0.7155417528	1.8310835056
respects	1	0.2	0.3577708764	0.9155417528
cause	7	1.6	1.10272390017	3.80544780033
sacrifice	1	0.2	0.3577708764	0.9155417528
squadron	3	0.8	0.551361950084	1.90272390017
could	12	3.0	2.2360679775	7.472135955
retain	2	0.4	0.37947331922	1.15894663844
possessing	1	0.2	0.3577708764	0.9155417528
occurrences	1	0.2	0.3577708764	0.9155417528
reached	2	0.6	0.651152823844	1.90230564769
flag	1	0.2	0.3577708764	0.9155417528
painful	2	0.2	0.3577708764	0.9155417528
vigorous	1	0.2	0.3577708764	0.9155417528
herself	1	0.2	0.3577708764	0.9155417528
submitted	2	0.8	0.551361950084	1.90272390017
discriminating	1	0.2	0.3577708764	0.9155417528
calamity	1	0.2	0.3577708764	0.9155417528
dissensions	1	0.2	0.3577708764	0.9155417528
complete	2	0.6	0.309838667697	1.21967733539
documents	2	0.2	0.3577708764	0.9155417528
pursued	2	0.2	0.3577708764	0.9155417528
able	2	0.8	0.551361950084	1.90272390017
concerns	2	0.4	0.7155417528	1.8310835056
which	81	42.0	14.12798641	70.2559728199
neighboring	2	0.4	0.37947331922	1.15894663844
thither	1	0.2	0.3577708764	0.9155417528
violation	3	0.4	0.37947331922	1.15894663844
signally	1	0.2	0.3577708764	0.9155417528
terminate	1	0.2	0.3577708764	0.9155417528
promote	1	0.2	0.3577708764	0.9155417528
should	25	5.0	2.2803508502	9.5607017004
she	5	0.6	1.0733126292	2.7466252584
fixed	1	0.2	0.3577708764	0.9155417528
knowing	1	0.2	0.3577708764	0.9155417528
exists	1	0.2	0.3577708764	0.9155417528
acquired	1	0.2	0.3577708764	0.9155417528
merits	2	0.4	0.37947331922	1.15894663844
tend	1	0.2	0.3577708764	0.9155417528
favor	5	0.4	0.37947331922	1.15894663844
boundary	2	0.6	0.651152823844	1.90230564769
louisiana	2	0.4	0.37947331922	1.15894663844
suggested	1	0.2	0.3577708764	0.9155417528
461	1	0.2	0.3577708764	0.9155417528
almost	1	0.2	0.3577708764	0.9155417528
encouragement	2	0.8	0.551361950084	1.90272390017
party	9	0.4	0.37947331922	1.15894663844
practice	2	0.8	0.551361950084	1.90272390017
effect	12	2.8	1.32664991614	5.45329983228
thought	6	0.2	0.3577708764	0.9155417528
executive	3	1.0	0.4472135955	1.894427191
domestic	6	0.8	0.987927122818	2.77585424564
obtain	1	0.2	0.3577708764	0.9155417528
sources	3	0.2	0.3577708764	0.9155417528
lately	2	0.2	0.3577708764	0.9155417528
supply	4	0.8	0.987927122818	2.77585424564
earnestly	1	0.2	0.3577708764	0.9155417528
ought	3	1.4	0.49799598392	2.39599196784
government	21	7.2	2.13541565041	11.4708313008
know	1	0.2	0.3577708764	0.9155417528
like	4	0.8	0.551361950084	1.90272390017
therein	1	0.2	0.3577708764	0.9155417528
because	2	0.2	0.3577708764	0.9155417528
home	3	0.2	0.3577708764	0.9155417528
does	3	0.2	0.3577708764	0.9155417528
actual	2	0.4	0.7155417528	1.8310835056
carried	4	1.0	1.0	3.0
equally	4	2.0	0.632455532034	3.26491106407
mississippi	3	0.4	0.7155417528	1.8310835056
additional	2	1.0	0.4472135955	1.894427191
whom	4	1.2	0.521536192416	2.24307238483
amity	1	0.2	0.3577708764	0.9155417528
privilege	1	0.2	0.3577708764	0.9155417528
construction	9	1.0	1.3416407865	3.683281573
highest	1	0.2	0.3577708764	0.9155417528
he	5	1.4	1.629723903	4.65944780599
official	1	0.2	0.3577708764	0.9155417528
claiming	1	0.2	0.3577708764	0.9155417528
other	29	10.2	5.03587132481	20.2717426496
branch	3	0.2	0.3577708764	0.9155417528
commencement	2	0.4	0.37947331922	1.15894663844
augmented	2	0.2	0.3577708764	0.9155417528
