contributes	1	0.2	0.3577708764	0.9155417528
proportionably	1	0.2	0.3577708764	0.9155417528
credit	2	0.4	0.37947331922	1.15894663844
currency	1	0.2	0.3577708764	0.9155417528
end	4	0.2	0.3577708764	0.9155417528
lay	1	0.2	0.3577708764	0.9155417528
expectations	1	0.2	0.3577708764	0.9155417528
provide	1	0.2	0.3577708764	0.9155417528
appointments	1	0.2	0.3577708764	0.9155417528
render	3	0.6	0.651152823844	1.90230564769
peculiar	1	0.2	0.3577708764	0.9155417528
obviously	1	0.2	0.3577708764	0.9155417528
compensation	1	0.2	0.3577708764	0.9155417528
cooperation	2	0.2	0.3577708764	0.9155417528
advancement	1	0.2	0.3577708764	0.9155417528
auspicious	1	0.2	0.3577708764	0.9155417528
indispensable	1	0.2	0.3577708764	0.9155417528
papers	2	0.4	0.7155417528	1.8310835056
cool	1	0.2	0.3577708764	0.9155417528
useful	1	0.2	0.3577708764	0.9155417528
abroad	1	0.2	0.3577708764	0.9155417528
derive	2	0.4	0.37947331922	1.15894663844
concur	1	0.2	0.3577708764	0.9155417528
promotion	1	0.2	0.3577708764	0.9155417528
support	2	1.0	0.4472135955	1.894427191
george	2	0.6	0.651152823844	1.90230564769
require	2	0.8	0.551361950084	1.90272390017
prosperity	2	0.8	0.1788854382	1.1577708764
efficient	1	0.2	0.3577708764	0.9155417528
designated	1	0.2	0.3577708764	0.9155417528
effectual	2	0.6	0.309838667697	1.21967733539
impressions	1	0.2	0.3577708764	0.9155417528
declaration	1	0.2	0.3577708764	0.9155417528
embrace	1	0.2	0.3577708764	0.9155417528
virginia	1	0.2	0.3577708764	0.9155417528
burthens	1	0.2	0.3577708764	0.9155417528
blessed	1	0.2	0.3577708764	0.9155417528
defraying	1	0.2	0.3577708764	0.9155417528
valuable	1	0.2	0.3577708764	0.9155417528
regard	4	1.2	0.885437744847	2.97087548969
am	2	0.6	0.309838667697	1.21967733539
deserve	1	0.2	0.3577708764	0.9155417528
me	2	0.4	0.7155417528	1.8310835056
uniformity	1	0.2	0.3577708764	0.9155417528
forbear	1	0.2	0.3577708764	0.9155417528
good	3	1.2	0.521536192416	2.24307238483
nothing	1	0.2	0.3577708764	0.9155417528
8	2	0.2	0.3577708764	0.9155417528
various	2	0.4	0.37947331922	1.15894663844
legislature	2	1.0	0.4472135955	1.894427191
affairs	3	1.0	0.4472135955	1.894427191
recent	1	0.2	0.3577708764	0.9155417528
honor	1	0.2	0.3577708764	0.9155417528
speedily	1	0.2	0.3577708764	0.9155417528
essential	2	0.6	0.309838667697	1.21967733539
novelty	1	0.2	0.3577708764	0.9155417528
providence	1	0.2	0.3577708764	0.9155417528
directed	2	0.6	0.309838667697	1.21967733539
inducements	1	0.2	0.3577708764	0.9155417528
defined	1	0.2	0.3577708764	0.9155417528
prepared	2	0.2	0.3577708764	0.9155417528
opinion	2	0.2	0.3577708764	0.9155417528
arduous	1	0.2	0.3577708764	0.9155417528
uniting	1	0.2	0.3577708764	0.9155417528
manufactories	1	0.2	0.3577708764	0.9155417528
conciliate	1	0.2	0.3577708764	0.9155417528
firmness	1	0.2	0.3577708764	0.9155417528
encouragement	2	0.8	0.551361950084	1.90272390017
reflection	1	0.2	0.3577708764	0.9155417528
distant	1	0.2	0.3577708764	0.9155417528
realize	1	0.2	0.3577708764	0.9155417528
ought	3	1.8	0.558569601751	2.9171392035
worthy	1	0.2	0.3577708764	0.9155417528
blessings	2	1.0	0.4472135955	1.894427191
persuaded	2	0.2	0.3577708764	0.9155417528
society	1	0.2	0.3577708764	0.9155417528
oppression	1	0.2	0.3577708764	0.9155417528
