limited	2	0.4	0.7155417528	1.8310835056
aggression	1	0.2	0.3577708764	0.9155417528
whose	7	0.6	0.651152823844	1.90230564769
contravention	1	0.2	0.3577708764	0.9155417528
presents	1	0.2	0.3577708764	0.9155417528
under	24	8.4	4.16269143704	16.7253828741
applied	4	0.6	0.651152823844	1.90230564769
rise	1	0.2	0.3577708764	0.9155417528
appropriation	1	0.2	0.3577708764	0.9155417528
vast	2	0.2	0.3577708764	0.9155417528
convenience	2	0.6	0.651152823844	1.90230564769
estimates	2	0.2	0.3577708764	0.9155417528
second	4	0.4	0.7155417528	1.8310835056
estimated	1	0.2	0.3577708764	0.9155417528
established	3	1.0	0.894427191	2.788854382
conduct	5	1.2	0.521536192416	2.24307238483
new	10	2.6	1.01980390272	4.63960780544
increasing	2	0.4	0.37947331922	1.15894663844
ever	10	0.4	0.37947331922	1.15894663844
deemed	3	0.8	0.1788854382	1.1577708764
here	4	0.6	1.0733126292	2.7466252584
fairly	2	0.2	0.3577708764	0.9155417528
obtained	2	0.8	0.551361950084	1.90272390017
changed	2	0.4	0.37947331922	1.15894663844
controversy	5	0.4	0.37947331922	1.15894663844
credit	2	0.6	0.651152823844	1.90230564769
military	4	1.2	0.885437744847	2.97087548969
settled	3	0.6	0.651152823844	1.90230564769
mutual	3	0.4	0.37947331922	1.15894663844
erected	1	0.2	0.3577708764	0.9155417528
patience	1	0.2	0.3577708764	0.9155417528
would	36	9.0	8.049844719	25.099689438
army	2	0.4	0.7155417528	1.8310835056
call	3	1.2	0.885437744847	2.97087548969
therefore	7	2.2	2.24142811618	6.68285623236
recommend	3	1.0	0.632455532034	2.26491106407
until	6	1.0	1.0	3.0
it	134	35.6	27.7243575219	91.0487150437
hold	1	0.2	0.3577708764	0.9155417528
my	32	1.6	0.3577708764	2.3155417528
preserving	1	0.2	0.3577708764	0.9155417528
currency	7	0.4	0.37947331922	1.15894663844
end	6	1.0	1.3416407865	3.683281573
ordinary	2	0.4	0.37947331922	1.15894663844
after	14	1.6	0.903327183251	3.4066543665
lay	4	0.4	0.37947331922	1.15894663844
acknowledged	2	0.6	0.651152823844	1.90230564769
think	2	0.6	0.309838667697	1.21967733539
enter	1	0.2	0.3577708764	0.9155417528
operations	3	1.0	0.894427191	2.788854382
restriction	1	0.2	0.3577708764	0.9155417528
executed	4	0.4	0.37947331922	1.15894663844
office	5	0.6	0.651152823844	1.90230564769
over	6	1.0	1.0	3.0
satisfied	4	0.6	0.651152823844	1.90230564769
before	23	2.8	1.46969384567	5.73938769134
personal	2	0.4	0.37947331922	1.15894663844
heretofore	2	0.2	0.3577708764	0.9155417528
expectations	3	0.4	0.37947331922	1.15894663844
then	5	1.0	1.3416407865	3.683281573
them	30	11.6	5.57135531087	22.7427106217
prevented	4	0.2	0.3577708764	0.9155417528
safe	4	0.2	0.3577708764	0.9155417528
effects	2	0.6	0.651152823844	1.90230564769
they	26	8.4	3.92937654088	16.2587530818
bank	13	0.4	0.37947331922	1.15894663844
indeed	3	0.4	0.37947331922	1.15894663844
reasonably	1	0.2	0.3577708764	0.9155417528
reasonable	2	0.8	0.551361950084	1.90272390017
instrumentality	1	0.2	0.3577708764	0.9155417528
afforded	2	0.4	0.7155417528	1.8310835056
principles	7	1.8	0.843800924389	3.48760184878
used	5	0.4	0.7155417528	1.8310835056
re	1	0.2	0.3577708764	0.9155417528
independence	5	0.6	0.651152823844	1.90230564769
provide	3	0.4	0.37947331922	1.15894663844
little	5	0.6	0.309838667697	1.21967733539
free	4	1.6	0.8	3.2
standard	1	0.2	0.3577708764	0.9155417528
crowned	2	0.2	0.3577708764	0.9155417528
speedy	4	0.2	0.3577708764	0.9155417528
already	7	1.8	1.05451410612	3.90902821223
render	3	1.2	0.885437744847	2.97087548969
relations	11	1.4	0.809938269253	3.01987653851
rank	1	0.2	0.3577708764	0.9155417528
system	14	2.6	2.54715527599	7.69431055198
dwelt	1	0.2	0.3577708764	0.9155417528
their	56	16.6	7.91454357496	32.4290871499
engagement	3	0.2	0.3577708764	0.9155417528
observations	1	0.2	0.3577708764	0.9155417528
happily	2	0.2	0.3577708764	0.9155417528
took	3	0.4	0.37947331922	1.15894663844
nations	12	3.2	2.4	8.0
matter	3	0.2	0.3577708764	0.9155417528
classes	1	0.2	0.3577708764	0.9155417528
10th	1	0.2	0.3577708764	0.9155417528
respecting	3	1.2	0.885437744847	2.97087548969
mind	2	0.2	0.3577708764	0.9155417528
manner	2	1.0	0.4472135955	1.894427191
seen	3	0.2	0.3577708764	0.9155417528
forced	1	0.2	0.3577708764	0.9155417528
secure	2	1.0	0.4472135955	1.894427191
intercourse	7	2.2	1.16619037897	4.53238075794
responsible	4	0.4	0.37947331922	1.15894663844
sound	3	0.4	0.37947331922	1.15894663844
recommended	3	0.8	0.1788854382	1.1577708764
shall	10	2.4	1.63951212255	5.67902424511
exercised	2	0.2	0.3577708764	0.9155417528
whence	2	0.2	0.3577708764	0.9155417528
calculated	3	0.6	0.651152823844	1.90230564769
treaty	20	3.0	4.49444101085	11.9888820217
solemn	1	0.2	0.3577708764	0.9155417528
proposed	5	1.0	0.632455532034	2.26491106407
discretionary	2	0.2	0.3577708764	0.9155417528
do	8	0.8	0.75894663844	2.31789327688
degradation	1	0.2	0.3577708764	0.9155417528
spirit	8	2.0	1.09544511501	4.19089023002
altogether	1	0.2	0.3577708764	0.9155417528
report	3	0.2	0.3577708764	0.9155417528
countries	7	1.8	2.3799159649	6.55983192981
explanations	6	0.4	0.37947331922	1.15894663844
secretary	5	0.2	0.3577708764	0.9155417528
observed	2	0.2	0.3577708764	0.9155417528
decided	1	0.2	0.3577708764	0.9155417528
result	6	1.8	1.91415777824	5.62831555648
discussions	6	0.4	0.37947331922	1.15894663844
subject	29	3.2	2.0278066969	7.2556133938
injuries	5	0.4	0.7155417528	1.8310835056
never	12	0.4	0.37947331922	1.15894663844
terms	6	1.2	0.885437744847	2.97087548969
extend	2	0.4	0.7155417528	1.8310835056
however	7	2.6	1.44499134946	5.48998269891
authorizing	1	0.2	0.3577708764	0.9155417528
add	2	0.2	0.3577708764	0.9155417528
debt	6	2.4	1.5126136321	5.42522726419
improve	1	0.2	0.3577708764	0.9155417528
received	14	1.4	0.8049844719	3.0099689438
country	19	6.0	3.52136337233	13.0427267447
negotiation	3	0.4	0.7155417528	1.8310835056
trust	3	0.8	0.551361950084	1.90272390017
commenced	1	0.2	0.3577708764	0.9155417528
been	85	24.0	17.798876369	59.5977527381
much	7	2.0	1.8973665961	5.7947331922
interest	4	1.4	0.8	3.0
expected	6	2.2	1.89525723848	5.99051447695
entered	3	1.2	0.819756061277	2.83951212255
excite	2	0.2	0.3577708764	0.9155417528
wish	1	0.2	0.3577708764	0.9155417528
regretted	1	0.2	0.3577708764	0.9155417528
exception	3	0.4	0.37947331922	1.15894663844
reciprocal	1	0.2	0.3577708764	0.9155417528
near	4	0.8	0.987927122818	2.77585424564
aid	2	0.8	0.551361950084	1.90272390017
balance	2	0.4	0.37947331922	1.15894663844
mexico	2	0.2	0.3577708764	0.9155417528
is	71	23.4	11.0018180316	45.4036360632
in	210	62.6	36.9789129099	136.55782582
if	18	3.0	2.75680975042	8.51361950084
1812	2	0.4	0.7155417528	1.8310835056
make	9	1.6	1.10272390017	3.80544780033
harmony	3	0.4	0.37947331922	1.15894663844
unfortunate	1	0.2	0.3577708764	0.9155417528
accumulating	2	0.2	0.3577708764	0.9155417528
hand	2	0.8	0.551361950084	1.90272390017
prescribed	1	0.2	0.3577708764	0.9155417528
claims	14	1.0	1.0	3.0
the	1122	295.8	155.940244966	607.680489932
just	9	3.4	2.08038457983	7.56076915966
human	1	0.2	0.3577708764	0.9155417528
facts	2	0.4	0.7155417528	1.8310835056
yet	11	2.4	1.37404512299	5.14809024597
succeeding	1	0.2	0.3577708764	0.9155417528
pecuniary	2	0.2	0.3577708764	0.9155417528
character	12	1.8	1.16619037897	4.13238075794
evidences	2	0.2	0.3577708764	0.9155417528
easy	1	0.2	0.3577708764	0.9155417528
has	59	17.4	13.9513440213	45.3026880426
gave	2	0.4	0.37947331922	1.15894663844
desire	3	0.2	0.3577708764	0.9155417528
unnecessary	3	0.2	0.3577708764	0.9155417528
specific	2	0.2	0.3577708764	0.9155417528
arbitrary	1	0.2	0.3577708764	0.9155417528
security	4	1.4	0.8049844719	3.0099689438
beneficial	1	0.2	0.3577708764	0.9155417528
old	2	0.2	0.3577708764	0.9155417528
people	22	2.0	0.632455532034	3.26491106407
precautions	1	0.2	0.3577708764	0.9155417528
for	68	28.0	14.5739493618	57.1478987236
continue	3	0.4	0.7155417528	1.8310835056
denied	1	0.2	0.3577708764	0.9155417528
citizens	11	5.0	2.09761769634	9.19523539268
obtaining	1	0.2	0.3577708764	0.9155417528
two	13	2.4	1.5126136321	5.42522726419
right	6	1.6	1.15238882327	3.90477764654
doctrine	2	0.2	0.3577708764	0.9155417528
insult	3	0.2	0.3577708764	0.9155417528
payment	8	0.8	1.4310835056	3.6621670112
senate	4	1.6	0.8	3.2
way	3	0.6	0.651152823844	1.90230564769
was	73	14.6	16.0750738723	46.7501477446
happy	3	0.6	0.309838667697	1.21967733539
form	2	0.6	0.651152823844	1.90230564769
true	4	0.4	0.37947331922	1.15894663844
comprehending	1	0.2	0.3577708764	0.9155417528
portions	1	0.2	0.3577708764	0.9155417528
liberal	3	0.6	0.651152823844	1.90230564769
despotism	1	0.2	0.3577708764	0.9155417528
ship	2	0.2	0.3577708764	0.9155417528
negotiations	1	0.2	0.3577708764	0.9155417528
no	24	6.0	4.64758001545	15.2951600309
generally	2	0.4	0.37947331922	1.15894663844
holding	1	0.2	0.3577708764	0.9155417528
felt	5	0.6	0.651152823844	1.90230564769
discharge	3	0.6	0.651152823844	1.90230564769
longer	3	0.2	0.3577708764	0.9155417528
neighbors	1	0.2	0.3577708764	0.9155417528
out	7	0.6	0.651152823844	1.90230564769
selection	1	0.2	0.3577708764	0.9155417528
certainly	3	0.4	0.37947331922	1.15894663844
depend	1	0.2	0.3577708764	0.9155417528
producing	1	0.2	0.3577708764	0.9155417528
charge	4	0.2	0.3577708764	0.9155417528
unpleasant	1	0.2	0.3577708764	0.9155417528
petersburg	1	0.2	0.3577708764	0.9155417528
must	7	1.6	0.963327566303	3.52665513261
supported	2	0.2	0.3577708764	0.9155417528
choice	1	0.2	0.3577708764	0.9155417528
presented	3	0.8	0.987927122818	2.77585424564
did	4	0.4	0.37947331922	1.15894663844
leave	1	0.2	0.3577708764	0.9155417528
prevent	3	0.2	0.3577708764	0.9155417528
occurrence	1	0.2	0.3577708764	0.9155417528
current	2	0.6	0.309838667697	1.21967733539
amounting	1	0.2	0.3577708764	0.9155417528
satisfy	2	0.2	0.3577708764	0.9155417528
availed	1	0.2	0.3577708764	0.9155417528
french	28	0.4	0.37947331922	1.15894663844
understanding	3	0.2	0.3577708764	0.9155417528
yards	1	0.2	0.3577708764	0.9155417528
alone	2	0.6	0.651152823844	1.90230564769
accomplished	2	0.2	0.3577708764	0.9155417528
patriotic	2	0.6	0.309838667697	1.21967733539
conveniently	1	0.2	0.3577708764	0.9155417528
sincerely	1	0.2	0.3577708764	0.9155417528
wrongs	3	0.2	0.3577708764	0.9155417528
unjust	1	0.2	0.3577708764	0.9155417528
commissioner	1	0.2	0.3577708764	0.9155417528
apparent	2	0.2	0.3577708764	0.9155417528
states	49	13.2	11.7711511756	36.7423023513
incidents	2	0.4	0.37947331922	1.15894663844
can	28	5.8	3.31058907145	12.4211781429
believed	3	0.6	1.0733126292	2.7466252584
making	3	0.8	0.551361950084	1.90272390017
claim	4	0.6	0.651152823844	1.90230564769
renewal	1	0.2	0.3577708764	0.9155417528
december	6	0.8	0.75894663844	2.31789327688
sense	3	0.8	0.551361950084	1.90272390017
agent	4	0.2	0.3577708764	0.9155417528
offense	2	0.6	0.651152823844	1.90230564769
dispositions	1	0.2	0.3577708764	0.9155417528
means	4	2.4	0.489897948557	3.37979589711
economy	3	0.6	0.309838667697	1.21967733539
use	5	0.6	0.651152823844	1.90230564769
truly	2	0.2	0.3577708764	0.9155417528
branches	5	0.2	0.3577708764	0.9155417528
inform	4	0.2	0.3577708764	0.9155417528
so	31	6.8	3.86781592116	14.5356318423
lamented	1	0.2	0.3577708764	0.9155417528
exclusive	1	0.2	0.3577708764	0.9155417528
constituents	2	1.0	0.4472135955	1.894427191
years	8	1.8	2.32723011325	6.45446022649
course	8	1.8	0.979795897113	3.75959179423
unfavorable	2	0.4	0.7155417528	1.8310835056
still	11	1.8	1.16619037897	4.13238075794
derive	3	0.8	0.551361950084	1.90272390017
1835	5	0.2	0.3577708764	0.9155417528
forms	3	0.4	0.37947331922	1.15894663844
policy	8	1.0	0.894427191	2.788854382
ours	1	0.2	0.3577708764	0.9155417528
now	17	1.2	0.885437744847	2.97087548969
execute	1	0.2	0.3577708764	0.9155417528
equality	3	0.4	0.7155417528	1.8310835056
name	1	0.2	0.3577708764	0.9155417528
shewn	3	0.2	0.3577708764	0.9155417528
begun	2	0.2	0.3577708764	0.9155417528
tried	1	0.2	0.3577708764	0.9155417528
circumspection	1	0.2	0.3577708764	0.9155417528
accomplish	3	0.2	0.3577708764	0.9155417528
opened	1	0.2	0.3577708764	0.9155417528
increase	6	1.4	1.629723903	4.65944780599
contained	4	0.4	0.37947331922	1.15894663844
correct	2	0.4	0.7155417528	1.8310835056
existed	1	0.2	0.3577708764	0.9155417528
advantages	4	0.6	1.0733126292	2.7466252584
besides	1	0.2	0.3577708764	0.9155417528
obligation	1	0.2	0.3577708764	0.9155417528
care	3	0.4	0.37947331922	1.15894663844
advance	2	0.8	0.551361950084	1.90272390017
place	4	2.0	0.894427191	3.788854382
first	11	3.2	2.03960780544	7.27921561087
one	11	3.0	1.94935886896	6.89871773792
commissioners	3	0.6	1.0733126292	2.7466252584
spanish	2	0.4	0.7155417528	1.8310835056
impossible	1	0.2	0.3577708764	0.9155417528
given	12	2.0	3.16227766017	8.32455532034
convention	5	0.6	1.0733126292	2.7466252584
gives	2	0.2	0.3577708764	0.9155417528
that	170	40.4	22.8962879087	86.1925758175
public	36	7.2	2.31516738056	11.8303347611
stipulation	1	0.2	0.3577708764	0.9155417528
than	15	4.6	2.7276363394	10.0552726788
11	2	0.2	0.3577708764	0.9155417528
unfortunately	2	0.2	0.3577708764	0.9155417528
require	7	0.8	0.551361950084	1.90272390017
diplomatic	3	0.2	0.3577708764	0.9155417528
future	4	0.8	0.551361950084	1.90272390017
were	27	7.6	7.25865001223	22.1173000245
and	323	99.8	44.6470603736	189.094120747
measure	5	1.2	0.4	2.0
prosperity	4	1.0	0.4472135955	1.894427191
take	4	0.4	0.7155417528	1.8310835056
attempted	3	0.2	0.3577708764	0.9155417528
performance	7	0.4	0.7155417528	1.8310835056
paid	8	1.0	1.3416407865	3.683281573
america	2	0.2	0.3577708764	0.9155417528
adopt	4	0.4	0.7155417528	1.8310835056
steady	1	0.2	0.3577708764	0.9155417528
gratified	1	0.2	0.3577708764	0.9155417528
daily	3	0.2	0.3577708764	0.9155417528
only	13	4.0	2.683281573	9.366563146
carolina	1	0.2	0.3577708764	0.9155417528
expectation	3	0.6	0.309838667697	1.21967733539
neither	3	0.8	0.987927122818	2.77585424564
1825	1	0.2	0.3577708764	0.9155417528
yield	2	0.4	0.7155417528	1.8310835056
communicated	5	0.6	0.309838667697	1.21967733539
declared	5	0.6	1.0733126292	2.7466252584
affaires	2	0.2	0.3577708764	0.9155417528
representatives	6	2.6	1.01980390272	4.63960780544
enough	1	0.2	0.3577708764	0.9155417528
between	13	4.2	2.72616947382	9.65233894764
notice	2	0.2	0.3577708764	0.9155417528
parent	1	0.2	0.3577708764	0.9155417528
countenance	1	0.2	0.3577708764	0.9155417528
come	1	0.2	0.3577708764	0.9155417528
many	6	1.8	1.6	5.0
susceptible	1	0.2	0.3577708764	0.9155417528
duty	17	2.2	0.979795897113	4.15959179423
afterwards	2	0.2	0.3577708764	0.9155417528
period	12	1.0	1.3416407865	3.683281573
satisfaction	4	1.6	0.726636084983	3.05327216997
maintained	2	0.4	0.7155417528	1.8310835056
motives	5	0.2	0.3577708764	0.9155417528
dangers	2	0.2	0.3577708764	0.9155417528
wants	2	0.2	0.3577708764	0.9155417528
direction	1	0.2	0.3577708764	0.9155417528
enable	3	0.8	0.551361950084	1.90272390017
aggressions	1	0.2	0.3577708764	0.9155417528
observe	2	0.2	0.3577708764	0.9155417528
minister	20	0.4	0.37947331922	1.15894663844
declaration	2	0.4	0.37947331922	1.15894663844
former	5	2.0	1.41421356237	4.82842712475
case	3	0.8	0.551361950084	1.90272390017
myself	1	0.2	0.3577708764	0.9155417528
these	15	6.8	3.91305507245	14.6261101449
unwise	1	0.2	0.3577708764	0.9155417528
expenditures	2	0.4	0.7155417528	1.8310835056
pay	2	0.4	0.7155417528	1.8310835056
same	15	4.0	3.40587727319	10.8117545464
injurious	1	0.2	0.3577708764	0.9155417528
events	2	0.2	0.3577708764	0.9155417528
arose	1	0.2	0.3577708764	0.9155417528
six	1	0.2	0.3577708764	0.9155417528
constitutional	7	0.4	0.37947331922	1.15894663844
without	22	4.4	3.73737876058	11.8747575212
renewed	4	0.2	0.3577708764	0.9155417528
except	4	0.4	0.37947331922	1.15894663844
extensive	2	1.0	0.4472135955	1.894427191
usefully	1	0.2	0.3577708764	0.9155417528
execution	5	1.4	1.63217646105	4.6643529221
disappointed	1	0.2	0.3577708764	0.9155417528
benefit	1	0.2	0.3577708764	0.9155417528
fully	2	0.4	0.7155417528	1.8310835056
reduced	1	0.2	0.3577708764	0.9155417528
satisfactory	2	0.8	0.1788854382	1.1577708764
competition	1	0.2	0.3577708764	0.9155417528
confirm	1	0.2	0.3577708764	0.9155417528
habits	1	0.2	0.3577708764	0.9155417528
business	4	0.4	0.37947331922	1.15894663844
reprisals	1	0.2	0.3577708764	0.9155417528
practical	2	0.2	0.3577708764	0.9155417528
stipulations	2	0.2	0.3577708764	0.9155417528
practicable	2	0.6	0.651152823844	1.90230564769
act	11	3.6	2.76550176279	9.13100352558
mean	1	0.2	0.3577708764	0.9155417528
or	31	5.8	4.70744091838	15.2148818368
communication	8	1.2	0.521536192416	2.24307238483
parties	2	0.2	0.3577708764	0.9155417528
her	13	3.0	3.28633534503	9.57267069006
regard	12	2.0	1.09544511501	4.19089023002
promote	3	0.6	0.309838667697	1.21967733539
with	100	30.6	10.9654001295	52.530800259
sounder	1	0.2	0.3577708764	0.9155417528
am	6	1.0	0.4472135955	1.894427191
sales	4	0.2	0.3577708764	0.9155417528
substantially	1	0.2	0.3577708764	0.9155417528
at	43	11.8	8.08455317256	27.9691063451
again	2	0.2	0.3577708764	0.9155417528
requested	1	0.2	0.3577708764	0.9155417528
congress	50	4.2	3.55415250095	11.3083050019
separate	1	0.2	0.3577708764	0.9155417528
time	24	4.6	2.53140277317	9.66280554633
intimation	1	0.2	0.3577708764	0.9155417528
fiscal	2	0.2	0.3577708764	0.9155417528
passed	6	0.4	0.37947331922	1.15894663844
doubted	2	0.2	0.3577708764	0.9155417528
all	49	9.4	5.95315042645	21.3063008529
consider	3	0.6	1.0733126292	2.7466252584
founded	5	1.0	0.632455532034	2.26491106407
settlement	3	0.4	0.37947331922	1.15894663844
removal	2	0.2	0.3577708764	0.9155417528
to	447	114.8	60.1079029746	235.015805949
present	16	4.6	2.93938769134	10.4787753827
far	6	1.2	1.30230564769	3.80461129538
induce	1	0.2	0.3577708764	0.9155417528
results	1	0.2	0.3577708764	0.9155417528
me	9	0.8	0.75894663844	2.31789327688
condition	14	1.0	0.894427191	2.788854382
laying	2	0.2	0.3577708764	0.9155417528
large	4	0.8	0.551361950084	1.90272390017
small	3	1.2	0.885437744847	2.97087548969
referred	2	0.2	0.3577708764	0.9155417528
past	5	0.2	0.3577708764	0.9155417528
design	1	0.2	0.3577708764	0.9155417528
further	9	2.4	1.01980390272	4.43960780544
what	11	0.8	0.551361950084	1.90272390017
deeply	2	0.6	0.309838667697	1.21967733539
judicious	1	0.2	0.3577708764	0.9155417528
full	4	1.0	0.4472135955	1.894427191
treasury	7	2.8	2.04743742273	6.89487484546
strong	4	0.8	0.75894663844	2.31789327688
conviction	1	0.2	0.3577708764	0.9155417528
difficulty	2	0.8	0.551361950084	1.90272390017
experience	4	1.0	0.632455532034	2.26491106407
amount	7	1.2	1.70176379089	4.60352758179
action	8	0.2	0.3577708764	0.9155417528
struggle	1	0.2	0.3577708764	0.9155417528
sanction	3	0.4	0.37947331922	1.15894663844
finally	2	0.2	0.3577708764	0.9155417528
archives	1	0.2	0.3577708764	0.9155417528
taken	10	2.2	1.26174482365	4.72348964729
injury	1	0.2	0.3577708764	0.9155417528
more	20	6.2	3.23604697123	12.6720939425
apprehensions	4	0.4	0.37947331922	1.15894663844
known	6	1.4	0.8049844719	3.0099689438
pretense	2	0.2	0.3577708764	0.9155417528
suffered	3	0.2	0.3577708764	0.9155417528
recall	2	0.2	0.3577708764	0.9155417528
remain	3	0.6	0.651152823844	1.90230564769
resources	2	0.6	0.651152823844	1.90230564769
prompt	2	0.2	0.3577708764	0.9155417528
accept	1	0.2	0.3577708764	0.9155417528
arise	3	0.6	0.651152823844	1.90230564769
information	6	1.8	1.22963409192	4.25926818383
acts	4	1.4	0.49799598392	2.39599196784
american	11	1.2	2.1466252584	5.4932505168
ratified	3	0.2	0.3577708764	0.9155417528
continues	2	0.2	0.3577708764	0.9155417528
a	142	50.4	19.4894843441	89.3789686883
banks	3	0.2	0.3577708764	0.9155417528
through	5	1.0	0.894427191	2.788854382
its	42	9.0	6.4652919501	21.9305839002
25	3	0.4	0.7155417528	1.8310835056
waged	1	0.2	0.3577708764	0.9155417528
forthwith	1	0.2	0.3577708764	0.9155417528
late	3	0.8	0.987927122818	2.77585424564
resort	4	0.4	0.37947331922	1.15894663844
governments	6	0.2	0.3577708764	0.9155417528
might	9	1.0	1.0	3.0
good	7	1.4	0.8049844719	3.0099689438
anticipated	4	0.4	0.37947331922	1.15894663844
complain	1	0.2	0.3577708764	0.9155417528
hereafter	1	0.2	0.3577708764	0.9155417528
characterized	2	0.2	0.3577708764	0.9155417528
heavy	1	0.2	0.3577708764	0.9155417528
harm	1	0.2	0.3577708764	0.9155417528
weight	1	0.2	0.3577708764	0.9155417528
reduce	1	0.2	0.3577708764	0.9155417528
operation	4	0.6	0.651152823844	1.90230564769
event	3	0.8	0.75894663844	2.31789327688
since	8	2.0	1.8973665961	5.7947331922
extraordinary	3	0.2	0.3577708764	0.9155417528
reason	4	1.4	1.20332871652	3.80665743304
disposition	6	0.8	0.551361950084	1.90272390017
benefits	3	0.2	0.3577708764	0.9155417528
consequence	3	0.6	1.0733126292	2.7466252584
exhibited	1	0.2	0.3577708764	0.9155417528
consultations	1	0.2	0.3577708764	0.9155417528
preservation	2	0.4	0.7155417528	1.8310835056
revolution	2	0.2	0.3577708764	0.9155417528
regret	2	0.2	0.3577708764	0.9155417528
least	1	0.2	0.3577708764	0.9155417528
station	1	0.2	0.3577708764	0.9155417528
calculations	2	0.2	0.3577708764	0.9155417528
too	4	1.4	1.20664825032	3.81329650064
justly	3	0.4	0.37947331922	1.15894663844
immediate	4	1.4	1.20332871652	3.80665743304
king	11	0.2	0.3577708764	0.9155417528
anticipate	2	0.2	0.3577708764	0.9155417528
dispensed	1	0.2	0.3577708764	0.9155417528
contrary	2	0.4	0.37947331922	1.15894663844
toward	3	1.2	0.521536192416	2.24307238483
self	4	0.2	0.3577708764	0.9155417528
reliance	1	0.2	0.3577708764	0.9155417528
internal	3	0.6	1.0733126292	2.7466252584
any	37	6.6	6.40624695122	19.4124939024
measures	8	3.2	1.72046505341	6.64093010682
reach	2	0.2	0.3577708764	0.9155417528
nothing	2	0.4	0.37947331922	1.15894663844
constitution	6	1.4	0.49799598392	2.39599196784
clear	2	0.2	0.3577708764	0.9155417528
obligations	7	0.2	0.3577708764	0.9155417528
session	11	3.8	2.13541565041	8.07083130081
occupation	1	0.2	0.3577708764	0.9155417528
regulations	5	0.6	0.651152823844	1.90230564769
justice	16	1.4	1.20664825032	3.81329650064
his	20	4.6	4.35614508482	13.3122901696
dependent	1	0.2	0.3577708764	0.9155417528
him	8	0.2	0.3577708764	0.9155417528
sources	3	0.6	1.0733126292	2.7466252584
remove	1	0.2	0.3577708764	0.9155417528
common	3	0.6	0.309838667697	1.21967733539
set	3	0.4	0.7155417528	1.8310835056
patriotism	2	0.4	0.37947331922	1.15894663844
aspect	1	0.2	0.3577708764	0.9155417528
close	4	0.6	0.309838667697	1.21967733539
declined	3	0.2	0.3577708764	0.9155417528
various	3	0.8	0.551361950084	1.90272390017
probably	3	0.4	0.37947331922	1.15894663844
recently	5	0.4	0.7155417528	1.8310835056
attention	15	2.8	1.16619037897	5.13238075794
diminution	1	0.2	0.3577708764	0.9155417528
legislature	4	1.2	0.521536192416	2.24307238483
both	8	2.2	0.6260990337	3.4521980674
improved	1	0.2	0.3577708764	0.9155417528
appropriations	6	0.4	0.37947331922	1.15894663844
annual	4	0.4	0.37947331922	1.15894663844
foreign	14	3.4	3.62325820223	10.6465164045
connection	2	0.2	0.3577708764	0.9155417528
became	2	0.4	0.37947331922	1.15894663844
approve	1	0.2	0.3577708764	0.9155417528
improper	1	0.2	0.3577708764	0.9155417528
regulated	2	0.2	0.3577708764	0.9155417528
political	8	0.4	0.37947331922	1.15894663844
due	12	2.8	2.93121135369	8.66242270738
whom	5	1.2	1.2585706178	3.71714123561
faithfully	2	0.4	0.7155417528	1.8310835056
maintenance	1	0.2	0.3577708764	0.9155417528
collected	4	0.2	0.3577708764	0.9155417528
great	18	5.2	4.64241316559	14.4848263312
objection	1	0.2	0.3577708764	0.9155417528
georgia	1	0.2	0.3577708764	0.9155417528
solid	1	0.2	0.3577708764	0.9155417528
while	2	0.6	0.651152823844	1.90230564769
guide	1	0.2	0.3577708764	0.9155417528
belong	1	0.2	0.3577708764	0.9155417528
proved	2	0.6	0.651152823844	1.90230564769
exigencies	1	0.2	0.3577708764	0.9155417528
moment	2	0.4	0.37947331922	1.15894663844
000	22	1.2	1.70176379089	4.60352758179
necessity	5	2.2	1.09178752512	4.38357505023
recent	3	0.4	0.37947331922	1.15894663844
task	1	0.2	0.3577708764	0.9155417528
honor	9	0.2	0.3577708764	0.9155417528
organization	3	0.2	0.3577708764	0.9155417528
source	4	1.2	0.521536192416	2.24307238483
subjects	4	0.4	0.7155417528	1.8310835056
excited	1	0.2	0.3577708764	0.9155417528
matters	1	0.2	0.3577708764	0.9155417528
foreigners	1	0.2	0.3577708764	0.9155417528
imposed	3	0.2	0.3577708764	0.9155417528
d	2	0.2	0.3577708764	0.9155417528
ourselves	3	0.4	0.37947331922	1.15894663844
decision	6	0.6	0.651152823844	1.90230564769
be	143	44.8	26.4302856587	97.6605713174
by	114	33.4	18.2931681236	69.9863362473
faith	3	0.2	0.3577708764	0.9155417528
france	26	2.2	3.13432608387	8.46865216773
impressed	2	0.2	0.3577708764	0.9155417528
question	6	0.6	0.651152823844	1.90230564769
long	8	1.0	0.632455532034	2.26491106407
an	38	14.8	8.63481325797	32.0696265159
invite	4	0.2	0.3577708764	0.9155417528
adjusting	1	0.2	0.3577708764	0.9155417528
hoped	4	0.4	0.37947331922	1.15894663844
atlantic	1	0.2	0.3577708764	0.9155417528
pacific	4	0.8	0.551361950084	1.90272390017
hopes	1	0.2	0.3577708764	0.9155417528
line	2	0.2	0.3577708764	0.9155417528
redeemed	1	0.2	0.3577708764	0.9155417528
gratifying	1	0.2	0.3577708764	0.9155417528
unexpected	1	0.2	0.3577708764	0.9155417528
called	7	0.6	0.651152823844	1.90230564769
constant	2	0.2	0.3577708764	0.9155417528
influence	4	0.6	0.651152823844	1.90230564769
single	2	0.4	0.37947331922	1.15894663844
evils	3	0.2	0.3577708764	0.9155417528
fears	2	0.2	0.3577708764	0.9155417528
application	3	0.6	1.0733126292	2.7466252584
department	3	0.8	0.551361950084	1.90272390017
land	5	0.6	1.0733126292	2.7466252584
required	8	1.4	1.36528385327	4.13056770654
departments	3	0.4	0.37947331922	1.15894663844
presenting	1	0.2	0.3577708764	0.9155417528
having	10	2.0	0.894427191	3.788854382
once	3	0.4	0.37947331922	1.15894663844
resistance	1	0.2	0.3577708764	0.9155417528
adjustment	4	0.4	0.37947331922	1.15894663844
enjoined	1	0.2	0.3577708764	0.9155417528
stable	1	0.2	0.3577708764	0.9155417528
friendly	6	0.8	0.987927122818	2.77585424564
seized	2	0.6	0.651152823844	1.90230564769
continued	3	0.6	0.651152823844	1.90230564769
entire	1	0.2	0.3577708764	0.9155417528
anxious	4	0.2	0.3577708764	0.9155417528
this	64	15.4	11.4122740941	38.2245481883
appertains	1	0.2	0.3577708764	0.9155417528
decrees	1	0.2	0.3577708764	0.9155417528
power	22	3.2	4.7023398431	12.6046796862
consistently	2	0.4	0.7155417528	1.8310835056
exercise	4	1.0	0.4472135955	1.894427191
body	5	0.2	0.3577708764	0.9155417528
advantageously	1	0.2	0.3577708764	0.9155417528
exchange	4	0.2	0.3577708764	0.9155417528
commercial	5	1.4	1.629723903	4.65944780599
let	2	0.2	0.3577708764	0.9155417528
engage	2	0.6	0.309838667697	1.21967733539
receive	4	1.6	0.726636084983	3.05327216997
repel	1	0.2	0.3577708764	0.9155417528
opinion	5	0.6	0.651152823844	1.90230564769
delays	2	0.2	0.3577708764	0.9155417528
danger	2	0.6	0.651152823844	1.90230564769
addressed	1	0.2	0.3577708764	0.9155417528
ascertained	4	1.0	0.4472135955	1.894427191
from	51	19.6	10.632027088	40.864054176
consumption	1	0.2	0.3577708764	0.9155417528
remains	2	0.6	0.651152823844	1.90230564769
next	7	2.0	1.09544511501	4.19089023002
few	2	0.2	0.3577708764	0.9155417528
doubt	4	0.2	0.3577708764	0.9155417528
possession	2	0.4	0.37947331922	1.15894663844
had	36	5.8	6.79941173926	19.3988234785
account	1	0.2	0.3577708764	0.9155417528
when	21	2.6	2.5953805116	7.7907610232
of	650	194.6	86.3240406839	367.248081368
fulfill	1	0.2	0.3577708764	0.9155417528
conformity	1	0.2	0.3577708764	0.9155417528
control	4	0.4	0.37947331922	1.15894663844
tax	1	0.2	0.3577708764	0.9155417528
purposes	4	0.6	0.651152823844	1.90230564769
high	3	1.4	0.49799598392	2.39599196784
fulfillment	4	0.2	0.3577708764	0.9155417528
united	45	12.6	11.9766439373	36.5532878745
enactments	2	0.2	0.3577708764	0.9155417528
numerous	1	0.2	0.3577708764	0.9155417528
sentiments	2	0.4	0.37947331922	1.15894663844
establishment	5	1.6	0.726636084983	3.05327216997
stand	2	0.2	0.3577708764	0.9155417528
element	2	0.2	0.3577708764	0.9155417528
holds	1	0.2	0.3577708764	0.9155417528
doubtful	1	0.2	0.3577708764	0.9155417528
produced	5	0.2	0.3577708764	0.9155417528
whilst	3	0.4	0.37947331922	1.15894663844
perfect	1	0.2	0.3577708764	0.9155417528
labor	7	0.6	0.651152823844	1.90230564769
pending	1	0.2	0.3577708764	0.9155417528
ambition	1	0.2	0.3577708764	0.9155417528
february	2	0.2	0.3577708764	0.9155417528
sufficiently	3	0.4	0.37947331922	1.15894663844
magnitude	2	0.2	0.3577708764	0.9155417528
truth	2	0.4	0.7155417528	1.8310835056
disregard	1	0.2	0.3577708764	0.9155417528
upward	2	0.4	0.7155417528	1.8310835056
doing	1	0.2	0.3577708764	0.9155417528
lawful	1	0.2	0.3577708764	0.9155417528
pursuits	2	0.4	0.37947331922	1.15894663844
our	93	26.8	17.0575496482	60.9150992964
agriculture	3	0.6	0.309838667697	1.21967733539
special	4	0.4	0.37947331922	1.15894663844
may	26	11.2	5.70613704707	22.6122740941
announced	2	0.4	0.7155417528	1.8310835056
usual	2	0.2	0.3577708764	0.9155417528
could	17	4.0	4.04969134626	12.0993826925
diminished	1	0.2	0.3577708764	0.9155417528
length	1	0.2	0.3577708764	0.9155417528
produce	2	0.4	0.37947331922	1.15894663844
powerful	2	0.4	0.7155417528	1.8310835056
improvements	3	0.2	0.3577708764	0.9155417528
reached	3	0.8	0.75894663844	2.31789327688
legislative	4	0.2	0.3577708764	0.9155417528
reference	4	0.6	0.651152823844	1.90230564769
unknown	1	0.2	0.3577708764	0.9155417528
adopted	4	0.8	0.551361950084	1.90272390017
final	2	0.4	0.7155417528	1.8310835056
interests	14	2.0	0.632455532034	3.26491106407
holland	6	0.2	0.3577708764	0.9155417528
individual	2	0.2	0.3577708764	0.9155417528
dissensions	2	0.2	0.3577708764	0.9155417528
providing	2	0.8	0.551361950084	1.90272390017
distinguished	2	0.6	0.651152823844	1.90230564769
creditors	1	0.2	0.3577708764	0.9155417528
are	33	11.8	4.26145515053	20.3229103011
surrendered	1	0.2	0.3577708764	0.9155417528
have	72	24.0	11.1892805846	46.3785611691
assurances	5	0.4	0.37947331922	1.15894663844
documents	2	0.6	0.651152823844	1.90230564769
apprise	1	0.2	0.3577708764	0.9155417528
concerns	2	0.4	0.7155417528	1.8310835056
which	138	40.8	21.2358187975	83.271637595
who	8	2.8	2.13541565041	7.07083130081
said	2	0.4	0.37947331922	1.15894663844
connected	4	0.2	0.3577708764	0.9155417528
expired	1	0.2	0.3577708764	0.9155417528
class	1	0.2	0.3577708764	0.9155417528
probable	2	0.2	0.3577708764	0.9155417528
face	1	0.2	0.3577708764	0.9155417528
proceedings	1	0.2	0.3577708764	0.9155417528
sent	3	0.4	0.37947331922	1.15894663844
terminate	1	0.2	0.3577708764	0.9155417528
gradual	1	0.2	0.3577708764	0.9155417528
hope	6	1.4	1.20664825032	3.81329650064
prosecute	1	0.2	0.3577708764	0.9155417528
denmark	1	0.2	0.3577708764	0.9155417528
calling	1	0.2	0.3577708764	0.9155417528
contain	1	0.2	0.3577708764	0.9155417528
omission	1	0.2	0.3577708764	0.9155417528
exists	1	0.2	0.3577708764	0.9155417528
national	6	2.0	0.894427191	3.788854382
we	34	7.0	6.06630035524	19.1326007105
genius	1	0.2	0.3577708764	0.9155417528
state	17	8.4	2.87054001888	14.1410800378
difficulties	2	0.4	0.37947331922	1.15894663844
opening	2	0.4	0.7155417528	1.8310835056
restrictions	1	0.2	0.3577708764	0.9155417528
invited	1	0.2	0.3577708764	0.9155417528
fulfilled	1	0.2	0.3577708764	0.9155417528
admit	3	1.0	0.894427191	2.788854382
safely	1	0.2	0.3577708764	0.9155417528
respect	8	1.4	0.49799598392	2.39599196784
addition	2	0.4	0.7155417528	1.8310835056
diversity	1	0.2	0.3577708764	0.9155417528
sufficient	2	0.4	0.7155417528	1.8310835056
general	10	3.8	2.22710574513	8.25421149026
prospect	2	0.6	0.309838667697	1.21967733539
as	86	26.6	13.4253491575	53.4506983149
value	3	0.2	0.3577708764	0.9155417528
will	59	20.8	4.66476151588	30.1295230318
almost	1	0.2	0.3577708764	0.9155417528
thus	7	0.8	0.987927122818	2.77585424564
respected	1	0.2	0.3577708764	0.9155417528
demanded	1	0.2	0.3577708764	0.9155417528
watched	1	0.2	0.3577708764	0.9155417528
claimed	1	0.2	0.3577708764	0.9155417528
administration	2	0.8	0.1788854382	1.1577708764
adverse	1	0.2	0.3577708764	0.9155417528
upon	42	3.2	3.04368198076	9.28736396152
scarcely	3	0.2	0.3577708764	0.9155417528
reflection	1	0.2	0.3577708764	0.9155417528
i	50	7.6	3.26190128606	14.1238025721
offensive	2	0.2	0.3577708764	0.9155417528
executive	9	1.2	0.885437744847	2.97087548969
domestic	7	1.4	2.06494551986	5.52989103972
obtain	5	0.4	0.37947331922	1.15894663844
not	75	19.0	13.4313067123	45.8626134246
recollection	1	0.2	0.3577708764	0.9155417528
rapid	3	0.2	0.3577708764	0.9155417528
adoption	1	0.2	0.3577708764	0.9155417528
earnestly	2	0.4	0.37947331922	1.15894663844
government	70	8.4	6.40624695122	21.2124939024
nor	5	1.6	1.58996855315	4.7799371063
immediately	2	1.0	0.4472135955	1.894427191
necessary	14	4.6	1.8547236991	8.3094473982
january	5	1.0	1.0	3.0
become	7	1.2	1.30230564769	3.80461129538
works	2	0.2	0.3577708764	0.9155417528
unsuccessful	1	0.2	0.3577708764	0.9155417528
authority	8	2.4	1.01980390272	4.43960780544
recommendation	2	0.2	0.3577708764	0.9155417528
avoid	2	0.2	0.3577708764	0.9155417528
discretion	2	0.2	0.3577708764	0.9155417528
pressure	2	0.2	0.3577708764	0.9155417528
although	6	1.2	0.885437744847	2.97087548969
about	3	1.0	0.0	1.0
quarter	3	0.6	0.651152823844	1.90230564769
certainty	1	0.2	0.3577708764	0.9155417528
urged	2	0.2	0.3577708764	0.9155417528
compatible	1	0.2	0.3577708764	0.9155417528
own	11	3.0	1.8973665961	6.7947331922
previously	1	0.2	0.3577708764	0.9155417528
washington	6	1.0	1.0	3.0
guard	2	0.4	0.37947331922	1.15894663844
terminated	1	0.2	0.3577708764	0.9155417528
additional	2	0.8	0.551361950084	1.90272390017
transfer	1	0.2	0.3577708764	0.9155417528
imperial	1	0.2	0.3577708764	0.9155417528
north	4	0.2	0.3577708764	0.9155417528
funds	3	0.4	0.37947331922	1.15894663844
amity	2	0.2	0.3577708764	0.9155417528
but	24	8.4	4.27083130081	16.9416626016
institution	8	0.2	0.3577708764	0.9155417528
witness	3	0.2	0.3577708764	0.9155417528
he	15	1.2	1.70176379089	4.60352758179
made	27	6.8	3.6	14.0
shrunk	1	0.2	0.3577708764	0.9155417528
official	4	0.6	0.309838667697	1.21967733539
convince	1	0.2	0.3577708764	0.9155417528
entering	1	0.2	0.3577708764	0.9155417528
contest	2	0.6	0.651152823844	1.90230564769
claiming	1	0.2	0.3577708764	0.9155417528
details	2	0.2	0.3577708764	0.9155417528
branch	7	1.0	0.894427191	2.788854382
conclusion	2	0.4	0.37947331922	1.15894663844
friends	1	0.2	0.3577708764	0.9155417528
auxiliary	1	0.2	0.3577708764	0.9155417528
rule	1	0.2	0.3577708764	0.9155417528
portion	2	0.4	0.7155417528	1.8310835056
determination	4	0.4	0.37947331922	1.15894663844
commencement	2	0.4	0.7155417528	1.8310835056
