captain	2	0.4	0.7155417528	1.8310835056
assembled	1	0.2	0.3577708764	0.9155417528
calculate	1	0.2	0.3577708764	0.9155417528
unsettled	2	0.4	0.37947331922	1.15894663844
sinking	1	0.2	0.3577708764	0.9155417528
appropriation	5	0.4	0.37947331922	1.15894663844
uncertain	1	0.2	0.3577708764	0.9155417528
vast	3	0.6	0.651152823844	1.90230564769
296	1	0.2	0.3577708764	0.9155417528
force	6	2.4	1.39140217047	5.18280434095
disciplined	1	0.2	0.3577708764	0.9155417528
7th	3	0.2	0.3577708764	0.9155417528
estimated	2	0.4	0.37947331922	1.15894663844
proportionably	2	0.4	0.37947331922	1.15894663844
protection	5	1.6	1.55434873822	4.70869747644
obtained	4	0.8	0.551361950084	1.90272390017
property	2	0.8	0.551361950084	1.90272390017
rests	1	0.2	0.3577708764	0.9155417528
reports	2	0.4	0.7155417528	1.8310835056
inflicting	1	0.2	0.3577708764	0.9155417528
inequality	1	0.2	0.3577708764	0.9155417528
army	3	0.4	0.7155417528	1.8310835056
successful	2	0.4	0.37947331922	1.15894663844
acceded	4	0.4	0.37947331922	1.15894663844
rights	6	1.8	0.4	2.6
pursue	1	0.2	0.3577708764	0.9155417528
entertained	2	0.6	0.651152823844	1.90230564769
exceptions	1	0.2	0.3577708764	0.9155417528
indies	1	0.2	0.3577708764	0.9155417528
want	2	0.4	0.7155417528	1.8310835056
adjacent	1	0.2	0.3577708764	0.9155417528
answer	1	0.2	0.3577708764	0.9155417528
ordinary	3	0.6	0.651152823844	1.90230564769
fever	2	0.4	0.7155417528	1.8310835056
acknowledged	2	0.6	0.651152823844	1.90230564769
lost	1	0.2	0.3577708764	0.9155417528
enter	3	0.4	0.37947331922	1.15894663844
destroyed	2	0.2	0.3577708764	0.9155417528
anticipations	1	0.2	0.3577708764	0.9155417528
pass	2	0.4	0.7155417528	1.8310835056
european	5	0.8	1.4310835056	3.6621670112
confiscations	1	0.2	0.3577708764	0.9155417528
impossible	4	0.4	0.37947331922	1.15894663844
navy	4	1.0	1.0	3.0
resume	2	0.2	0.3577708764	0.9155417528
management	1	0.2	0.3577708764	0.9155417528
estimate	2	0.4	0.37947331922	1.15894663844
rank	2	0.2	0.3577708764	0.9155417528
seizures	1	0.2	0.3577708764	0.9155417528
penalties	1	0.2	0.3577708764	0.9155417528
rejected	1	0.2	0.3577708764	0.9155417528
western	4	0.8	0.551361950084	1.90272390017
distance	1	0.2	0.3577708764	0.9155417528
manner	5	1.2	0.521536192416	2.24307238483
strength	3	0.4	0.7155417528	1.8310835056
object	8	2.8	0.748331477355	4.29666295471
extending	1	0.2	0.3577708764	0.9155417528
regular	3	1.0	0.894427191	2.788854382
severely	1	0.2	0.3577708764	0.9155417528
jurisdiction	1	0.2	0.3577708764	0.9155417528
enjoyed	1	0.2	0.3577708764	0.9155417528
de	1	0.2	0.3577708764	0.9155417528
report	9	0.8	0.987927122818	2.77585424564
happiest	1	0.2	0.3577708764	0.9155417528
16	1	0.2	0.3577708764	0.9155417528
best	5	2.2	0.6260990337	3.4521980674
compensation	2	0.4	0.37947331922	1.15894663844
extend	4	0.8	0.75894663844	2.31789327688
rivers	2	0.2	0.3577708764	0.9155417528
improve	1	0.2	0.3577708764	0.9155417528
suggested	2	0.4	0.37947331922	1.15894663844
essentially	2	0.2	0.3577708764	0.9155417528
reported	1	0.2	0.3577708764	0.9155417528
expense	3	0.8	0.1788854382	1.1577708764
negotiation	5	1.0	1.0	3.0
proceeded	3	0.2	0.3577708764	0.9155417528
union	13	6.6	1.62480768093	9.84961536185
three	6	1.6	1.27121988657	4.14243977313
moneys	4	0.8	1.4310835056	3.6621670112
chile	1	0.2	0.3577708764	0.9155417528
aid	3	1.0	0.632455532034	2.26491106407
losses	1	0.2	0.3577708764	0.9155417528
mexico	2	0.6	0.651152823844	1.90230564769
expenses	1	0.2	0.3577708764	0.9155417528
several	11	2.4	1.21983605456	4.83967210912
evil	1	0.2	0.3577708764	0.9155417528
kept	1	0.2	0.3577708764	0.9155417528
ocean	3	0.2	0.3577708764	0.9155417528
greatest	2	0.6	0.651152823844	1.90230564769
incapable	1	0.2	0.3577708764	0.9155417528
left	2	0.2	0.3577708764	0.9155417528
world	3	0.4	0.7155417528	1.8310835056
sovereigns	1	0.2	0.3577708764	0.9155417528
human	1	0.2	0.3577708764	0.9155417528
piracies	2	0.2	0.3577708764	0.9155417528
board	6	0.6	1.0733126292	2.7466252584
humanity	1	0.2	0.3577708764	0.9155417528
ultimately	1	0.2	0.3577708764	0.9155417528
advanced	2	0.2	0.3577708764	0.9155417528
appearing	1	0.2	0.3577708764	0.9155417528
officer	4	0.6	0.651152823844	1.90230564769
beneficial	1	0.2	0.3577708764	0.9155417528
proceeding	2	0.4	0.37947331922	1.15894663844
who	14	3.0	2.52982212813	8.05964425627
post	15	1.2	1.30230564769	3.80461129538
cherish	1	0.2	0.3577708764	0.9155417528
facility	2	0.6	0.309838667697	1.21967733539
balances	4	0.2	0.3577708764	0.9155417528
indispensable	2	0.4	0.37947331922	1.15894663844
knowing	1	0.2	0.3577708764	0.9155417528
accordingly	2	0.2	0.3577708764	0.9155417528
war	10	2.4	1.95959179423	6.31918358845
form	4	1.0	0.632455532034	2.26491106407
hemisphere	3	0.4	0.7155417528	1.8310835056
sustained	2	0.2	0.3577708764	0.9155417528
submitting	1	0.2	0.3577708764	0.9155417528
stronger	1	0.2	0.3577708764	0.9155417528
exist	2	0.8	0.551361950084	1.90272390017
transported	1	0.2	0.3577708764	0.9155417528
remarked	1	0.2	0.3577708764	0.9155417528
corps	3	0.2	0.3577708764	0.9155417528
impression	2	0.6	0.309838667697	1.21967733539
relieve	1	0.2	0.3577708764	0.9155417528
devoted	1	0.2	0.3577708764	0.9155417528
answered	1	0.2	0.3577708764	0.9155417528
petersburg	2	0.4	0.37947331922	1.15894663844
consolidation	1	0.2	0.3577708764	0.9155417528
excellence	1	0.2	0.3577708764	0.9155417528
revolution	2	0.6	0.651152823844	1.90230564769
assistance	1	0.2	0.3577708764	0.9155417528
amounting	1	0.2	0.3577708764	0.9155417528
along	1	0.2	0.3577708764	0.9155417528
appears	3	0.6	0.309838667697	1.21967733539
accomplished	2	0.6	0.651152823844	1.90230564769
patriotic	2	0.8	0.551361950084	1.90272390017
navigation	3	1.0	0.4472135955	1.894427191
1st	3	0.2	0.3577708764	0.9155417528
market	1	0.2	0.3577708764	0.9155417528
territories	2	0.6	0.651152823844	1.90230564769
virtue	1	0.2	0.3577708764	0.9155417528
rendered	4	0.4	0.37947331922	1.15894663844
believed	6	1.2	1.13841995766	3.47683991532
council	1	0.2	0.3577708764	0.9155417528
occur	2	0.2	0.3577708764	0.9155417528
1	6	2.2	1.6	5.4
impartial	1	0.2	0.3577708764	0.9155417528
southern	1	0.2	0.3577708764	0.9155417528
4th	3	0.6	0.651152823844	1.90230564769
amounted	3	0.4	0.7155417528	1.8310835056
thereby	2	0.2	0.3577708764	0.9155417528
half	1	0.2	0.3577708764	0.9155417528
james	2	0.4	0.7155417528	1.8310835056
entirely	2	0.8	0.551361950084	1.90272390017
shews	1	0.2	0.3577708764	0.9155417528
million	1	0.2	0.3577708764	0.9155417528
british	4	0.4	0.37947331922	1.15894663844
origin	2	0.2	0.3577708764	0.9155417528
discharged	2	0.2	0.3577708764	0.9155417528
cheerfully	1	0.2	0.3577708764	0.9155417528
returns	1	0.2	0.3577708764	0.9155417528
2	2	0.4	0.37947331922	1.15894663844
exploring	2	0.2	0.3577708764	0.9155417528
season	2	0.2	0.3577708764	0.9155417528
population	3	1.0	0.894427191	2.788854382
10	1	0.2	0.3577708764	0.9155417528
13	1	0.2	0.3577708764	0.9155417528
future	6	1.4	1.20664825032	3.81329650064
russia	2	0.4	0.37947331922	1.15894663844
respectability	1	0.2	0.3577708764	0.9155417528
efficient	2	0.6	0.309838667697	1.21967733539
insuring	1	0.2	0.3577708764	0.9155417528
america	2	0.6	0.651152823844	1.90230564769
accession	1	0.2	0.3577708764	0.9155417528
cannon	2	0.2	0.3577708764	0.9155417528
1822	3	0.2	0.3577708764	0.9155417528
effectual	3	1.0	0.4472135955	1.894427191
miles	2	0.2	0.3577708764	0.9155417528
liable	1	0.2	0.3577708764	0.9155417528
seas	2	0.8	0.551361950084	1.90272390017
labors	2	0.4	0.37947331922	1.15894663844
review	1	0.2	0.3577708764	0.9155417528
efficiency	1	0.2	0.3577708764	0.9155417528
many	10	2.8	2.22710574513	7.25421149026
according	3	1.2	0.819756061277	2.83951212255
adjudication	1	0.2	0.3577708764	0.9155417528
endeavor	2	0.2	0.3577708764	0.9155417528
better	2	0.6	0.309838667697	1.21967733539
subscribed	1	0.2	0.3577708764	0.9155417528
direction	2	0.4	0.37947331922	1.15894663844
transactions	2	0.2	0.3577708764	0.9155417528
perpetuate	1	0.2	0.3577708764	0.9155417528
surveying	1	0.2	0.3577708764	0.9155417528
expenditures	6	0.8	0.75894663844	2.31789327688
events	3	0.4	0.7155417528	1.8310835056
relief	1	0.2	0.3577708764	0.9155417528
otherwise	1	0.2	0.3577708764	0.9155417528
consisted	1	0.2	0.3577708764	0.9155417528
improvement	7	0.4	0.7155417528	1.8310835056
earnest	1	0.2	0.3577708764	0.9155417528
satisfaction	4	2.2	0.889943818451	3.9798876369
revision	1	0.2	0.3577708764	0.9155417528
satisfactory	3	1.2	0.4	2.0
legal	2	0.6	0.651152823844	1.90230564769
refer	1	0.2	0.3577708764	0.9155417528
process	2	0.2	0.3577708764	0.9155417528
island	9	0.2	0.3577708764	0.9155417528
greatly	2	0.4	0.7155417528	1.8310835056
skilled	1	0.2	0.3577708764	0.9155417528
defraying	1	0.2	0.3577708764	0.9155417528
parties	3	0.6	0.651152823844	1.90230564769
complete	2	0.4	0.7155417528	1.8310835056
peaceful	1	0.2	0.3577708764	0.9155417528
undertake	1	0.2	0.3577708764	0.9155417528
deep	1	0.2	0.3577708764	0.9155417528
britain	4	0.8	0.75894663844	2.31789327688
5	4	1.2	1.30230564769	3.80461129538
residence	1	0.2	0.3577708764	0.9155417528
accounts	4	0.2	0.3577708764	0.9155417528
mass	1	0.2	0.3577708764	0.9155417528
missouri	2	0.2	0.3577708764	0.9155417528
original	1	0.2	0.3577708764	0.9155417528
invariable	1	0.2	0.3577708764	0.9155417528
none	3	0.4	0.7155417528	1.8310835056
month	2	0.2	0.3577708764	0.9155417528
appointment	3	0.6	0.309838667697	1.21967733539
difference	1	0.2	0.3577708764	0.9155417528
indemnity	2	0.2	0.3577708764	0.9155417528
residue	1	0.2	0.3577708764	0.9155417528
inconsiderable	1	0.2	0.3577708764	0.9155417528
naval	5	0.6	0.651152823844	1.90230564769
compliance	2	0.6	0.651152823844	1.90230564769
authorize	2	0.2	0.3577708764	0.9155417528
requiring	1	0.2	0.3577708764	0.9155417528
proceed	1	0.2	0.3577708764	0.9155417528
apprehend	1	0.2	0.3577708764	0.9155417528
remain	4	0.8	0.987927122818	2.77585424564
outstanding	1	0.2	0.3577708764	0.9155417528
resources	3	0.8	0.75894663844	2.31789327688
cultivate	2	0.2	0.3577708764	0.9155417528
respective	5	1.2	0.521536192416	2.24307238483
buenos	1	0.2	0.3577708764	0.9155417528
short	2	0.6	0.651152823844	1.90230564769
wishes	1	0.2	0.3577708764	0.9155417528
through	7	1.4	1.629723903	4.65944780599
26	1	0.2	0.3577708764	0.9155417528
governments	7	1.4	2.06494551986	5.52989103972
prejudices	1	0.2	0.3577708764	0.9155417528
frigate	2	0.2	0.3577708764	0.9155417528
always	3	1.0	0.632455532034	2.26491106407
defects	1	0.2	0.3577708764	0.9155417528
idea	1	0.2	0.3577708764	0.9155417528
race	1	0.2	0.3577708764	0.9155417528
superintend	1	0.2	0.3577708764	0.9155417528
expedient	4	0.6	0.651152823844	1.90230564769
fallen	1	0.2	0.3577708764	0.9155417528
instances	2	0.2	0.3577708764	0.9155417528
colombia	2	0.2	0.3577708764	0.9155417528
exertions	3	0.4	0.37947331922	1.15894663844
5th	1	0.2	0.3577708764	0.9155417528
least	1	0.2	0.3577708764	0.9155417528
station	3	0.4	0.37947331922	1.15894663844
appropriated	6	0.6	0.309838667697	1.21967733539
believe	3	0.6	0.651152823844	1.90230564769
kind	3	0.4	0.7155417528	1.8310835056
declare	1	0.2	0.3577708764	0.9155417528
depending	1	0.2	0.3577708764	0.9155417528
officers	8	2.8	1.16619037897	5.13238075794
inconvenience	1	0.2	0.3577708764	0.9155417528
reward	1	0.2	0.3577708764	0.9155417528
shortly	1	0.2	0.3577708764	0.9155417528
arming	1	0.2	0.3577708764	0.9155417528
resent	2	0.4	0.7155417528	1.8310835056
adhered	2	0.2	0.3577708764	0.9155417528
during	10	3.4	2.36981011898	8.13962023795
patriotism	2	0.6	0.651152823844	1.90230564769
intelligence	1	0.2	0.3577708764	0.9155417528
instituted	2	0.2	0.3577708764	0.9155417528
descriptions	1	0.2	0.3577708764	0.9155417528
11th	1	0.2	0.3577708764	0.9155417528
regularly	5	0.2	0.3577708764	0.9155417528
eminently	3	0.2	0.3577708764	0.9155417528
surmounted	1	0.2	0.3577708764	0.9155417528
europe	3	0.6	0.309838667697	1.21967733539
ghent	2	0.2	0.3577708764	0.9155417528
firm	2	0.2	0.3577708764	0.9155417528
fund	2	1.0	0.4472135955	1.894427191
while	3	1.0	0.632455532034	2.26491106407
error	1	0.2	0.3577708764	0.9155417528
engineers	4	0.2	0.3577708764	0.9155417528
impracticable	1	0.2	0.3577708764	0.9155417528
portugal	2	0.4	0.7155417528	1.8310835056
comport	1	0.2	0.3577708764	0.9155417528
itself	5	1.4	0.8049844719	3.0099689438
monroe	2	0.4	0.7155417528	1.8310835056
increased	3	0.8	0.987927122818	2.77585424564
grant	1	0.2	0.3577708764	0.9155417528
9	1	0.2	0.3577708764	0.9155417528
survey	2	0.2	0.3577708764	0.9155417528
purpose	11	1.8	1.95345847153	5.70691694306
person	1	0.2	0.3577708764	0.9155417528
organization	4	0.6	1.0733126292	2.7466252584
quarters	3	0.6	1.0733126292	2.7466252584
immediately	3	1.2	0.521536192416	2.24307238483
useful	3	0.6	0.309838667697	1.21967733539
continent	2	0.2	0.3577708764	0.9155417528
subjects	5	1.2	1.30230564769	3.80461129538
tribes	2	1.0	0.4472135955	1.894427191
agreement	1	0.2	0.3577708764	0.9155417528
militia	5	0.8	0.75894663844	2.31789327688
within	5	2.0	1.09544511501	4.19089023002
neutrality	1	0.2	0.3577708764	0.9155417528
manufacture	1	0.2	0.3577708764	0.9155417528
atlantic	3	0.4	0.37947331922	1.15894663844
directed	2	1.0	0.4472135955	1.894427191
suitable	3	0.2	0.3577708764	0.9155417528
expedition	2	0.4	0.37947331922	1.15894663844
entrance	2	0.2	0.3577708764	0.9155417528
brethren	1	0.2	0.3577708764	0.9155417528
reputation	1	0.2	0.3577708764	0.9155417528
department	16	1.0	0.894427191	2.788854382
proposal	6	0.2	0.3577708764	0.9155417528
prepared	2	0.4	0.7155417528	1.8310835056
particularly	3	1.4	0.49799598392	2.39599196784
felicity	1	0.2	0.3577708764	0.9155417528
disbursements	1	0.2	0.3577708764	0.9155417528
sovereign	2	0.2	0.3577708764	0.9155417528
maintain	1	0.2	0.3577708764	0.9155417528
submit	2	0.4	0.7155417528	1.8310835056
recur	1	0.2	0.3577708764	0.9155417528
confided	1	0.2	0.3577708764	0.9155417528
overwhelmed	1	0.2	0.3577708764	0.9155417528
access	1	0.2	0.3577708764	0.9155417528
renders	1	0.2	0.3577708764	0.9155417528
degree	2	0.6	0.309838667697	1.21967733539
meet	4	0.6	0.309838667697	1.21967733539
consideration	7	2.6	1.74355957742	6.08711915483
settling	1	0.2	0.3577708764	0.9155417528
great	21	7.8	6.38686151408	20.5737230282
30	1	0.2	0.3577708764	0.9155417528
few	2	0.4	0.7155417528	1.8310835056
themselves	5	1.8	0.748331477355	3.29666295471
account	1	0.2	0.3577708764	0.9155417528
obvious	3	0.4	0.37947331922	1.15894663844
servants	1	0.2	0.3577708764	0.9155417528
high	4	1.6	0.726636084983	3.05327216997
promptitude	1	0.2	0.3577708764	0.9155417528
arrangement	2	0.4	0.37947331922	1.15894663844
independent	3	0.4	0.37947331922	1.15894663844
coast	4	1.4	0.809938269253	3.01987653851
22nd	1	0.2	0.3577708764	0.9155417528
accredited	2	0.2	0.3577708764	0.9155417528
greater	6	1.6	1.64438438329	4.88876876658
transmitted	2	0.2	0.3577708764	0.9155417528
mode	1	0.2	0.3577708764	0.9155417528
lawful	2	0.4	0.37947331922	1.15894663844
respects	2	0.2	0.3577708764	0.9155417528
sentiment	2	0.2	0.3577708764	0.9155417528
waters	3	0.6	0.651152823844	1.90230564769
promptly	2	0.2	0.3577708764	0.9155417528
surely	1	0.2	0.3577708764	0.9155417528
receipts	3	1.2	0.619677335393	2.43935467079
59	1	0.2	0.3577708764	0.9155417528
improving	2	0.2	0.3577708764	0.9155417528
imperial	3	0.4	0.37947331922	1.15894663844
flag	1	0.2	0.3577708764	0.9155417528
reflecting	1	0.2	0.3577708764	0.9155417528
july	5	0.4	0.7155417528	1.8310835056
submitted	5	1.4	0.49799598392	2.39599196784
defense	8	1.8	0.748331477355	3.29666295471
inhabiting	1	0.2	0.3577708764	0.9155417528
pursued	2	0.4	0.7155417528	1.8310835056
connected	5	1.0	1.3416407865	3.683281573
request	1	0.2	0.3577708764	0.9155417528
highest	3	0.4	0.37947331922	1.15894663844
knowledge	4	0.8	0.1788854382	1.1577708764
employed	2	1.0	0.4472135955	1.894427191
commendation	1	0.2	0.3577708764	0.9155417528
cuba	2	0.6	0.651152823844	1.90230564769
legitimate	1	0.2	0.3577708764	0.9155417528
drawn	2	0.2	0.3577708764	0.9155417528
acquired	1	0.2	0.3577708764	0.9155417528
national	6	2.6	1.6994116629	5.9988233258
progress	6	2.4	1.5126136321	5.42522726419
sole	1	0.2	0.3577708764	0.9155417528
ability	1	0.2	0.3577708764	0.9155417528
importance	7	2.4	0.5366563146	3.4733126292
interfere	2	0.2	0.3577708764	0.9155417528
equal	4	1.4	0.49799598392	2.39599196784
april	1	0.2	0.3577708764	0.9155417528
succeed	1	0.2	0.3577708764	0.9155417528
treat	2	0.2	0.3577708764	0.9155417528
enlarging	1	0.2	0.3577708764	0.9155417528
sufficient	2	0.4	0.7155417528	1.8310835056
advisable	1	0.2	0.3577708764	0.9155417528
almost	3	0.4	0.37947331922	1.15894663844
privateers	1	0.2	0.3577708764	0.9155417528
administration	3	1.2	0.4	2.0
difficult	2	0.4	0.7155417528	1.8310835056
slave	2	0.4	0.7155417528	1.8310835056
off	1	0.2	0.3577708764	0.9155417528
redeemable	3	0.2	0.3577708764	0.9155417528
usual	2	0.6	0.651152823844	1.90230564769
skill	1	0.2	0.3577708764	0.9155417528
happiness	3	0.8	0.551361950084	1.90272390017
five	1	0.2	0.3577708764	0.9155417528
overtures	1	0.2	0.3577708764	0.9155417528
works	4	0.6	0.651152823844	1.90230564769
flagrant	1	0.2	0.3577708764	0.9155417528
shew	2	0.4	0.7155417528	1.8310835056
employment	1	0.2	0.3577708764	0.9155417528
avoid	2	0.6	0.651152823844	1.90230564769
14th	1	0.2	0.3577708764	0.9155417528
economical	1	0.2	0.3577708764	0.9155417528
ayres	1	0.2	0.3577708764	0.9155417528
quarter	4	1.2	0.885437744847	2.97087548969
actual	3	0.6	0.651152823844	1.90230564769
emperor	3	0.2	0.3577708764	0.9155417528
equally	5	1.8	1.1242775458	4.04855509161
previously	1	0.2	0.3577708764	0.9155417528
promise	1	0.2	0.3577708764	0.9155417528
additional	7	1.0	0.632455532034	2.26491106407
reduction	1	0.2	0.3577708764	0.9155417528
constitute	1	0.2	0.3577708764	0.9155417528
excitement	1	0.2	0.3577708764	0.9155417528
bearing	1	0.2	0.3577708764	0.9155417528
contribute	1	0.2	0.3577708764	0.9155417528
detail	2	0.2	0.3577708764	0.9155417528
portion	5	0.4	0.7155417528	1.8310835056
commencement	3	0.8	0.75894663844	2.31789327688
augmented	2	0.4	0.7155417528	1.8310835056
