aggression	1	0.2	0.3577708764	0.9155417528
gratification	1	0.2	0.3577708764	0.9155417528
likely	1	0.2	0.3577708764	0.9155417528
errors	1	0.2	0.3577708764	0.9155417528
erected	2	0.4	0.37947331922	1.15894663844
rights	7	2.6	1.74355957742	6.08711915483
indicated	1	0.2	0.3577708764	0.9155417528
household	1	0.2	0.3577708764	0.9155417528
advancing	1	0.2	0.3577708764	0.9155417528
wrong	2	0.2	0.3577708764	0.9155417528
facilitate	1	0.2	0.3577708764	0.9155417528
lost	1	0.2	0.3577708764	0.9155417528
omitted	1	0.2	0.3577708764	0.9155417528
reasonably	1	0.2	0.3577708764	0.9155417528
laid	3	1.0	0.894427191	2.788854382
wanted	1	0.2	0.3577708764	0.9155417528
practiced	1	0.2	0.3577708764	0.9155417528
requisite	1	0.2	0.3577708764	0.9155417528
enabled	2	0.6	0.651152823844	1.90230564769
preparation	1	0.2	0.3577708764	0.9155417528
practices	1	0.2	0.3577708764	0.9155417528
ending	1	0.2	0.3577708764	0.9155417528
orleans	1	0.2	0.3577708764	0.9155417528
chesapeake	1	0.2	0.3577708764	0.9155417528
inducement	1	0.2	0.3577708764	0.9155417528
rather	1	0.2	0.3577708764	0.9155417528
beloved	1	0.2	0.3577708764	0.9155417528
containing	1	0.2	0.3577708764	0.9155417528
possessed	1	0.2	0.3577708764	0.9155417528
spoliations	1	0.2	0.3577708764	0.9155417528
left	2	0.6	0.651152823844	1.90230564769
advancement	1	0.2	0.3577708764	0.9155417528
explained	1	0.2	0.3577708764	0.9155417528
security	5	1.6	1.15238882327	3.90477764654
cherish	2	0.4	0.37947331922	1.15894663844
considerations	2	0.6	0.309838667697	1.21967733539
obtaining	1	0.2	0.3577708764	0.9155417528
rendering	1	0.2	0.3577708764	0.9155417528
failure	1	0.2	0.3577708764	0.9155417528
generally	2	0.8	0.551361950084	1.90272390017
occasion	3	1.0	0.894427191	2.788854382
restored	1	0.2	0.3577708764	0.9155417528
consul	1	0.2	0.3577708764	0.9155417528
grateful	1	0.2	0.3577708764	0.9155417528
abundant	1	0.2	0.3577708764	0.9155417528
gun	1	0.2	0.3577708764	0.9155417528
inconsistent	1	0.2	0.3577708764	0.9155417528
funded	2	0.4	0.7155417528	1.8310835056
trial	1	0.2	0.3577708764	0.9155417528
love	1	0.2	0.3577708764	0.9155417528
marked	1	0.2	0.3577708764	0.9155417528
council	2	0.4	0.37947331922	1.15894663844
whenever	1	0.2	0.3577708764	0.9155417528
possess	1	0.2	0.3577708764	0.9155417528
support	3	0.8	0.551361950084	1.90272390017
open	1	0.2	0.3577708764	0.9155417528
necessarily	3	0.4	0.37947331922	1.15894663844
returns	1	0.2	0.3577708764	0.9155417528
2	2	0.6	0.651152823844	1.90230564769
season	3	0.6	0.651152823844	1.90230564769
addressing	1	0.2	0.3577708764	0.9155417528
jefferson	3	0.6	1.0733126292	2.7466252584
forming	2	0.4	0.7155417528	1.8310835056
sums	1	0.2	0.3577708764	0.9155417528
steady	1	0.2	0.3577708764	0.9155417528
proportion	3	1.0	0.632455532034	2.26491106407
contracts	2	0.2	0.3577708764	0.9155417528
relative	1	0.2	0.3577708764	0.9155417528
boundaries	1	0.2	0.3577708764	0.9155417528
rapidly	1	0.2	0.3577708764	0.9155417528
among	4	1.2	0.521536192416	2.24307238483
considering	1	0.2	0.3577708764	0.9155417528
myself	2	0.2	0.3577708764	0.9155417528
awakened	1	0.2	0.3577708764	0.9155417528
sincere	1	0.2	0.3577708764	0.9155417528
six	1	0.2	0.3577708764	0.9155417528
annually	1	0.2	0.3577708764	0.9155417528
exposed	2	0.4	0.37947331922	1.15894663844
sensible	1	0.2	0.3577708764	0.9155417528
sides	1	0.2	0.3577708764	0.9155417528
deliberation	1	0.2	0.3577708764	0.9155417528
substantially	1	0.2	0.3577708764	0.9155417528
individual	2	0.8	0.551361950084	1.90272390017
th	1	0.2	0.3577708764	0.9155417528
safety	2	0.8	0.551361950084	1.90272390017
candid	1	0.2	0.3577708764	0.9155417528
decide	2	0.4	0.37947331922	1.15894663844
things	2	0.6	0.651152823844	1.90230564769
november	2	0.2	0.3577708764	0.9155417528
foundations	1	0.2	0.3577708764	0.9155417528
compare	1	0.2	0.3577708764	0.9155417528
extinguished	1	0.2	0.3577708764	0.9155417528
reflect	1	0.2	0.3577708764	0.9155417528
hereafter	2	0.4	0.37947331922	1.15894663844
beyond	2	0.4	0.7155417528	1.8310835056
refusal	1	0.2	0.3577708764	0.9155417528
belief	1	0.2	0.3577708764	0.9155417528
belligerent	4	0.8	1.4310835056	3.6621670112
done	4	0.8	0.75894663844	2.31789327688
hundred	1	0.2	0.3577708764	0.9155417528
obstructed	2	0.2	0.3577708764	0.9155417528
decrees	4	0.2	0.3577708764	0.9155417528
orders	4	0.6	0.309838667697	1.21967733539
internal	4	1.8	0.92951600309	3.65903200618
uniting	1	0.2	0.3577708764	0.9155417528
added	2	0.6	0.651152823844	1.90230564769
thomas	2	0.4	0.7155417528	1.8310835056
8	4	0.6	0.651152823844	1.90230564769
enemy	2	0.6	0.651152823844	1.90230564769
sacrificed	1	0.2	0.3577708764	0.9155417528
europe	3	1.2	0.819756061277	2.83951212255
mean	2	0.6	0.309838667697	1.21967733539
towns	1	0.2	0.3577708764	0.9155417528
forced	1	0.2	0.3577708764	0.9155417528
communications	2	0.2	0.3577708764	0.9155417528
tribes	2	1.0	0.4472135955	1.894427191
aliment	1	0.2	0.3577708764	0.9155417528
manifested	4	0.2	0.3577708764	0.9155417528
up	2	0.6	0.651152823844	1.90230564769
statement	2	0.4	0.7155417528	1.8310835056
subsistence	1	0.2	0.3577708764	0.9155417528
unjustifiable	1	0.2	0.3577708764	0.9155417528
produce	2	1.0	0.4472135955	1.894427191
indian	2	0.4	0.7155417528	1.8310835056
advantageously	1	0.2	0.3577708764	0.9155417528
canals	1	0.2	0.3577708764	0.9155417528
northern	2	0.2	0.3577708764	0.9155417528
involved	2	0.6	0.651152823844	1.90230564769
remains	2	0.6	0.651152823844	1.90230564769
illegal	1	0.2	0.3577708764	0.9155417528
arrangement	2	0.8	0.551361950084	1.90272390017
instead	1	0.2	0.3577708764	0.9155417528
annexed	1	0.2	0.3577708764	0.9155417528
abuse	1	0.2	0.3577708764	0.9155417528
readiness	3	0.6	0.651152823844	1.90230564769
material	1	0.2	0.3577708764	0.9155417528
progressive	1	0.2	0.3577708764	0.9155417528
organ	1	0.2	0.3577708764	0.9155417528
resumed	1	0.2	0.3577708764	0.9155417528
attack	1	0.2	0.3577708764	0.9155417528
documents	3	1.0	0.632455532034	2.26491106407
preliminary	1	0.2	0.3577708764	0.9155417528
repeated	1	0.2	0.3577708764	0.9155417528
climate	1	0.2	0.3577708764	0.9155417528
fellow	4	1.8	0.4	2.6
undisturbed	1	0.2	0.3577708764	0.9155417528
protecting	1	0.2	0.3577708764	0.9155417528
rest	1	0.2	0.3577708764	0.9155417528
arrest	1	0.2	0.3577708764	0.9155417528
repressed	1	0.2	0.3577708764	0.9155417528
motive	1	0.2	0.3577708764	0.9155417528
proofs	1	0.2	0.3577708764	0.9155417528
demonstrated	1	0.2	0.3577708764	0.9155417528
freedom	3	0.8	0.987927122818	2.77585424564
revise	1	0.2	0.3577708764	0.9155417528
repeal	2	0.2	0.3577708764	0.9155417528
