advices	1	0.2	0.3577708764	0.9155417528
whatsoever	1	0.2	0.3577708764	0.9155417528
bringing	1	0.2	0.3577708764	0.9155417528
welfare	2	0.8	0.551361950084	1.90272390017
avert	1	0.2	0.3577708764	0.9155417528
met	1	0.2	0.3577708764	0.9155417528
punishment	2	0.8	0.551361950084	1.90272390017
indians	9	0.8	0.1788854382	1.1577708764
menaced	1	0.2	0.3577708764	0.9155417528
accomplishment	1	0.2	0.3577708764	0.9155417528
ratification	1	0.2	0.3577708764	0.9155417528
heretofore	2	0.6	0.651152823844	1.90230564769
indulge	2	0.4	0.7155417528	1.8310835056
laid	4	1.6	0.963327566303	3.52665513261
foundation	2	0.2	0.3577708764	0.9155417528
consented	1	0.2	0.3577708764	0.9155417528
mine	2	0.2	0.3577708764	0.9155417528
mitigate	1	0.2	0.3577708764	0.9155417528
hostility	1	0.2	0.3577708764	0.9155417528
adjudged	1	0.2	0.3577708764	0.9155417528
preserve	1	0.2	0.3577708764	0.9155417528
expense	3	1.2	0.819756061277	2.83951212255
springs	1	0.2	0.3577708764	0.9155417528
gratitude	1	0.2	0.3577708764	0.9155417528
unfortunate	1	0.2	0.3577708764	0.9155417528
humanity	1	0.2	0.3577708764	0.9155417528
advances	1	0.2	0.3577708764	0.9155417528
auspicious	1	0.2	0.3577708764	0.9155417528
feelings	1	0.2	0.3577708764	0.9155417528
rendering	2	0.4	0.37947331922	1.15894663844
authorizes	1	0.2	0.3577708764	0.9155417528
continuance	2	0.2	0.3577708764	0.9155417528
evidence	1	0.2	0.3577708764	0.9155417528
superfluous	1	0.2	0.3577708764	0.9155417528
perceived	1	0.2	0.3577708764	0.9155417528
posts	1	0.2	0.3577708764	0.9155417528
prevent	3	1.0	0.894427191	2.788854382
prove	2	0.2	0.3577708764	0.9155417528
sense	3	1.2	0.885437744847	2.97087548969
discussion	1	0.2	0.3577708764	0.9155417528
destructive	1	0.2	0.3577708764	0.9155417528
temperate	1	0.2	0.3577708764	0.9155417528
establishing	1	0.2	0.3577708764	0.9155417528
dependencies	1	0.2	0.3577708764	0.9155417528
obligation	1	0.2	0.3577708764	0.9155417528
george	2	0.4	0.7155417528	1.8310835056
urge	1	0.2	0.3577708764	0.9155417528
merit	1	0.2	0.3577708764	0.9155417528
algiers	1	0.2	0.3577708764	0.9155417528
relative	2	0.4	0.37947331922	1.15894663844
review	3	0.4	0.37947331922	1.15894663844
enjoys	1	0.2	0.3577708764	0.9155417528
arts	1	0.2	0.3577708764	0.9155417528
situation	5	0.8	1.4310835056	3.6621670112
sincere	2	0.4	0.37947331922	1.15894663844
commander	1	0.2	0.3577708764	0.9155417528
gentlemen	4	0.4	0.7155417528	1.8310835056
alloyed	1	0.2	0.3577708764	0.9155417528
burthens	2	0.2	0.3577708764	0.9155417528
valuable	1	0.2	0.3577708764	0.9155417528
attainable	1	0.2	0.3577708764	0.9155417528
regency	1	0.2	0.3577708764	0.9155417528
exhausting	1	0.2	0.3577708764	0.9155417528
heaven	1	0.2	0.3577708764	0.9155417528
murdering	1	0.2	0.3577708764	0.9155417528
apprised	1	0.2	0.3577708764	0.9155417528
extinction	1	0.2	0.3577708764	0.9155417528
estimate	2	0.4	0.7155417528	1.8310835056
dey	1	0.2	0.3577708764	0.9155417528
mingle	1	0.2	0.3577708764	0.9155417528
blood	1	0.2	0.3577708764	0.9155417528
chiefly	1	0.2	0.3577708764	0.9155417528
lasting	1	0.2	0.3577708764	0.9155417528
outrages	1	0.2	0.3577708764	0.9155417528
disclosed	1	0.2	0.3577708764	0.9155417528
heavy	1	0.2	0.3577708764	0.9155417528
unknown	1	0.2	0.3577708764	0.9155417528
induced	1	0.2	0.3577708764	0.9155417528
least	2	0.4	0.37947331922	1.15894663844
option	1	0.2	0.3577708764	0.9155417528
depending	1	0.2	0.3577708764	0.9155417528
cherokee	1	0.2	0.3577708764	0.9155417528
creeks	1	0.2	0.3577708764	0.9155417528
securing	2	0.2	0.3577708764	0.9155417528
retaliation	1	0.2	0.3577708764	0.9155417528
prospects	1	0.2	0.3577708764	0.9155417528
wish	1	0.2	0.3577708764	0.9155417528
moderation	2	0.4	0.37947331922	1.15894663844
georgia	1	0.2	0.3577708764	0.9155417528
while	5	1.4	0.809938269253	3.01987653851
aggregate	1	0.2	0.3577708764	0.9155417528
sincerely	1	0.2	0.3577708764	0.9155417528
though	2	0.2	0.3577708764	0.9155417528
exceeding	1	0.2	0.3577708764	0.9155417528
civilization	1	0.2	0.3577708764	0.9155417528
commanding	1	0.2	0.3577708764	0.9155417528
indications	1	0.2	0.3577708764	0.9155417528
morocco	1	0.2	0.3577708764	0.9155417528
mature	1	0.2	0.3577708764	0.9155417528
work	2	0.6	0.651152823844	1.90230564769
subsistence	1	0.2	0.3577708764	0.9155417528
enforce	1	0.2	0.3577708764	0.9155417528
auspices	1	0.2	0.3577708764	0.9155417528
capital	1	0.2	0.3577708764	0.9155417528
agreeable	2	0.2	0.3577708764	0.9155417528
numerous	1	0.2	0.3577708764	0.9155417528
frontiers	2	0.2	0.3577708764	0.9155417528
negotiated	1	0.2	0.3577708764	0.9155417528
decay	1	0.2	0.3577708764	0.9155417528
persuasion	1	0.2	0.3577708764	0.9155417528
aggravated	1	0.2	0.3577708764	0.9155417528
frontier	2	1.0	0.4472135955	1.894427191
need	2	0.8	0.1788854382	1.1577708764
away	1	0.2	0.3577708764	0.9155417528
subjected	1	0.2	0.3577708764	0.9155417528
estimation	1	0.2	0.3577708764	0.9155417528
remonstrances	1	0.2	0.3577708764	0.9155417528
abandoned	1	0.2	0.3577708764	0.9155417528
advisable	1	0.2	0.3577708764	0.9155417528
destruction	1	0.2	0.3577708764	0.9155417528
add	2	0.8	0.551361950084	1.90272390017
devised	1	0.2	0.3577708764	0.9155417528
recognition	1	0.2	0.3577708764	0.9155417528
demonstrated	2	0.4	0.37947331922	1.15894663844
worthy	1	0.2	0.3577708764	0.9155417528
blessings	3	1.2	0.521536192416	2.24307238483
terminated	1	0.2	0.3577708764	0.9155417528
naturally	2	0.4	0.37947331922	1.15894663844
society	2	0.2	0.3577708764	0.9155417528
lately	2	0.4	0.7155417528	1.8310835056
repeat	2	0.2	0.3577708764	0.9155417528
