aided	1	0.2	0.3577708764	0.9155417528
limited	4	0.6	0.651152823844	1.90230564769
desirable	5	0.8	0.1788854382	1.1577708764
facilities	1	0.2	0.3577708764	0.9155417528
every	21	6.2	2.99332590942	12.1866518188
vast	4	1.2	0.885437744847	2.97087548969
four	3	0.2	0.3577708764	0.9155417528
specially	1	0.2	0.3577708764	0.9155417528
welfare	3	0.8	0.551361950084	1.90272390017
estimates	2	0.8	0.551361950084	1.90272390017
direct	3	0.4	0.37947331922	1.15894663844
consequent	2	0.2	0.3577708764	0.9155417528
victims	1	0.2	0.3577708764	0.9155417528
above	2	0.4	0.37947331922	1.15894663844
new	15	4.6	3.72021504755	12.0404300951
consisting	1	0.2	0.3577708764	0.9155417528
men	2	0.6	0.651152823844	1.90230564769
met	5	0.4	0.37947331922	1.15894663844
active	3	0.6	0.651152823844	1.90230564769
prussia	1	0.2	0.3577708764	0.9155417528
credit	3	0.8	0.75894663844	2.31789327688
complicated	1	0.2	0.3577708764	0.9155417528
adopting	1	0.2	0.3577708764	0.9155417528
changes	2	0.6	0.651152823844	1.90230564769
brought	3	0.6	0.651152823844	1.90230564769
patience	1	0.2	0.3577708764	0.9155417528
total	1	0.2	0.3577708764	0.9155417528
army	5	1.4	0.809938269253	3.01987653851
indians	11	2.4	3.14451904113	8.68903808225
until	7	1.6	2.00399600798	5.60799201596
successful	3	0.6	0.651152823844	1.90230564769
circumstances	7	2.4	0.8	4.0
join	1	0.2	0.3577708764	0.9155417528
rights	12	3.4	2.57681974535	8.55363949069
entertained	2	0.6	0.651152823844	1.90230564769
obstacle	1	0.2	0.3577708764	0.9155417528
exceptions	2	0.4	0.37947331922	1.15894663844
florida	9	0.2	0.3577708764	0.9155417528
organized	2	0.8	0.551361950084	1.90272390017
times	3	0.8	0.551361950084	1.90272390017
end	7	2.0	2.0	6.0
off	1	0.2	0.3577708764	0.9155417528
answer	3	0.6	0.309838667697	1.21967733539
ordinary	4	1.0	1.0	3.0
sustaining	1	0.2	0.3577708764	0.9155417528
description	3	0.4	0.37947331922	1.15894663844
ultimately	2	0.4	0.37947331922	1.15894663844
ultimate	1	0.2	0.3577708764	0.9155417528
operate	1	0.2	0.3577708764	0.9155417528
operations	3	1.2	0.885437744847	2.97087548969
fidelity	4	0.2	0.3577708764	0.9155417528
heretofore	3	0.8	0.75894663844	2.31789327688
striking	1	0.2	0.3577708764	0.9155417528
exhibits	1	0.2	0.3577708764	0.9155417528
confidently	2	0.4	0.7155417528	1.8310835056
combination	1	0.2	0.3577708764	0.9155417528
effects	3	0.6	0.651152823844	1.90230564769
financial	4	0.2	0.3577708764	0.9155417528
principles	11	2.2	2.24142811618	6.68285623236
weakness	1	0.2	0.3577708764	0.9155417528
millions	9	2.4	2.36304887804	7.12609775608
standard	4	0.2	0.3577708764	0.9155417528
small	5	1.0	0.894427191	2.788854382
management	5	0.4	0.37947331922	1.15894663844
liberties	1	0.2	0.3577708764	0.9155417528
transaction	1	0.2	0.3577708764	0.9155417528
another	4	0.6	1.0733126292	2.7466252584
illustrate	1	0.2	0.3577708764	0.9155417528
ten	1	0.2	0.3577708764	0.9155417528
service	15	2.6	1.6994116629	5.9988233258
happily	2	0.4	0.7155417528	1.8310835056
diversified	2	0.4	0.7155417528	1.8310835056
peculiar	3	1.0	0.0	1.0
matter	3	0.8	0.987927122818	2.77585424564
classes	5	0.2	0.3577708764	0.9155417528
acquisition	1	0.2	0.3577708764	0.9155417528
seen	4	1.2	0.885437744847	2.97087548969
seem	1	0.2	0.3577708764	0.9155417528
affairs	10	2.4	0.8	4.0
strength	4	1.0	0.894427191	2.788854382
recommended	5	0.8	0.987927122818	2.77585424564
completed	2	0.4	0.7155417528	1.8310835056
conducive	1	0.2	0.3577708764	0.9155417528
letter	1	0.2	0.3577708764	0.9155417528
incompatible	1	0.2	0.3577708764	0.9155417528
solemn	1	0.2	0.3577708764	0.9155417528
points	4	0.2	0.3577708764	0.9155417528
enterprise	3	0.6	0.309838667697	1.21967733539
treaties	1	0.2	0.3577708764	0.9155417528
colors	1	0.2	0.3577708764	0.9155417528
orleans	1	0.2	0.3577708764	0.9155417528
borrowed	1	0.2	0.3577708764	0.9155417528
wide	1	0.2	0.3577708764	0.9155417528
coast	6	1.2	1.30230564769	3.80461129538
judicious	1	0.2	0.3577708764	0.9155417528
comply	1	0.2	0.3577708764	0.9155417528
increasing	2	1.0	0.4472135955	1.894427191
trusts	1	0.2	0.3577708764	0.9155417528
secretary	5	1.6	1.64438438329	4.88876876658
fair	1	0.2	0.3577708764	0.9155417528
facts	2	0.6	0.651152823844	1.90230564769
brazil	2	0.2	0.3577708764	0.9155417528
nature	2	0.6	0.309838667697	1.21967733539
however	10	2.8	2.14289523776	7.08579047551
devout	1	0.2	0.3577708764	0.9155417528
extent	12	2.2	1.73896520954	5.67793041909
defiance	1	0.2	0.3577708764	0.9155417528
debt	15	3.2	1.58492902049	6.36985804099
country	20	8.8	5.4918120871	19.7836241742
demanded	1	0.2	0.3577708764	0.9155417528
creditors	2	0.2	0.3577708764	0.9155417528
gratitude	2	0.4	0.37947331922	1.15894663844
basis	3	0.8	0.1788854382	1.1577708764
interest	9	2.6	1.2	5.0
expected	6	1.8	1.97787765041	5.75575530082
entered	3	1.0	0.894427191	2.788854382
suppress	1	0.2	0.3577708764	0.9155417528
apprehension	2	0.2	0.3577708764	0.9155417528
remaining	3	0.4	0.7155417528	1.8310835056
balance	3	0.6	0.651152823844	1.90230564769
losses	2	0.4	0.37947331922	1.15894663844
congratulation	1	0.2	0.3577708764	0.9155417528
mexico	4	0.8	0.75894663844	2.31789327688
expenses	5	0.4	0.37947331922	1.15894663844
comparative	1	0.2	0.3577708764	0.9155417528
if	23	7.8	5.70613704707	19.2122740941
1819	1	0.2	0.3577708764	0.9155417528
fairly	2	0.4	0.7155417528	1.8310835056
prescribed	1	0.2	0.3577708764	0.9155417528
kept	2	0.2	0.3577708764	0.9155417528
embarrassments	6	0.2	0.3577708764	0.9155417528
opinions	2	0.2	0.3577708764	0.9155417528
repose	1	0.2	0.3577708764	0.9155417528
assigned	2	0.2	0.3577708764	0.9155417528
previous	2	1.0	0.0	1.0
pecuniary	4	0.4	0.7155417528	1.8310835056
regarded	4	0.6	0.651152823844	1.90230564769
humanity	2	0.4	0.37947331922	1.15894663844
explained	1	0.2	0.3577708764	0.9155417528
possible	3	0.4	0.7155417528	1.8310835056
people	24	6.0	7.66811580507	21.3362316101
successfully	3	0.4	0.7155417528	1.8310835056
standing	3	0.2	0.3577708764	0.9155417528
for	88	37.8	23.2155120555	84.231024111
ice	1	0.2	0.3577708764	0.9155417528
defensive	1	0.2	0.3577708764	0.9155417528
citizens	14	6.6	2.87054001888	12.3410800378
efforts	4	0.8	0.1788854382	1.1577708764
formidable	4	0.2	0.3577708764	0.9155417528
existed	4	0.2	0.3577708764	0.9155417528
indispensable	4	1.0	0.4472135955	1.894427191
way	3	1.0	0.894427191	2.788854382
happy	5	1.4	0.809938269253	3.01987653851
sustained	4	0.4	0.7155417528	1.8310835056
removed	2	0.4	0.37947331922	1.15894663844
true	4	1.4	1.20332871652	3.80665743304
continuance	2	0.6	0.651152823844	1.90230564769
portions	2	0.4	0.37947331922	1.15894663844
understood	3	0.4	0.7155417528	1.8310835056
unusually	1	0.2	0.3577708764	0.9155417528
proud	1	0.2	0.3577708764	0.9155417528
sight	1	0.2	0.3577708764	0.9155417528
up	2	0.6	0.651152823844	1.90230564769
generally	3	1.0	0.632455532034	2.26491106407
republic	2	0.8	0.551361950084	1.90272390017
preceding	3	0.4	0.37947331922	1.15894663844
transported	1	0.2	0.3577708764	0.9155417528
discharge	5	0.8	0.987927122818	2.77585424564
apology	1	0.2	0.3577708764	0.9155417528
commenced	2	0.2	0.3577708764	0.9155417528
serious	3	0.6	1.0733126292	2.7466252584
strengthened	2	0.6	0.651152823844	1.90230564769
particular	2	0.8	0.551361950084	1.90272390017
supplies	4	0.4	0.37947331922	1.15894663844
must	7	2.4	2.26627447587	6.93254895175
advantage	1	0.2	0.3577708764	0.9155417528
liability	1	0.2	0.3577708764	0.9155417528
12th	1	0.2	0.3577708764	0.9155417528
leave	2	0.4	0.37947331922	1.15894663844
accumulation	1	0.2	0.3577708764	0.9155417528
occurrence	2	0.2	0.3577708764	0.9155417528
transportation	3	0.6	1.0733126292	2.7466252584
lakes	1	0.2	0.3577708764	0.9155417528
separate	1	0.2	0.3577708764	0.9155417528
alone	7	0.8	0.551361950084	1.90272390017
along	1	0.2	0.3577708764	0.9155417528
appears	4	1.0	0.894427191	2.788854382
thirty	2	0.2	0.3577708764	0.9155417528
accomplished	5	1.0	0.632455532034	2.26491106407
marked	2	0.4	0.37947331922	1.15894663844
crisis	2	0.4	0.7155417528	1.8310835056
prove	3	0.6	0.651152823844	1.90230564769
abroad	2	0.4	0.37947331922	1.15894663844
commissioner	1	0.2	0.3577708764	0.9155417528
whatever	3	0.2	0.3577708764	0.9155417528
reflections	1	0.2	0.3577708764	0.9155417528
effort	2	0.4	0.37947331922	1.15894663844
believed	6	2.0	1.8973665961	5.7947331922
discussion	1	0.2	0.3577708764	0.9155417528
means	5	2.4	0.8	4.0
economy	3	1.0	0.894427191	2.788854382
impartial	1	0.2	0.3577708764	0.9155417528
sacrifice	1	0.2	0.3577708764	0.9155417528
date	1	0.2	0.3577708764	0.9155417528
man	1	0.2	0.3577708764	0.9155417528
deposit	1	0.2	0.3577708764	0.9155417528
african	1	0.2	0.3577708764	0.9155417528
1832	1	0.2	0.3577708764	0.9155417528
1836	1	0.2	0.3577708764	0.9155417528
facility	3	0.6	0.651152823844	1.90230564769
whole	11	2.0	1.09544511501	4.19089023002
policy	12	3.2	2.84815729903	8.89631459805
within	7	2.4	1.37404512299	5.14809024597
liberality	1	0.2	0.3577708764	0.9155417528
half	3	0.4	0.37947331922	1.15894663844
nor	6	2.2	1.41138230115	5.0227646023
establishing	2	0.2	0.3577708764	0.9155417528
entirely	2	1.0	0.4472135955	1.894427191
seldom	4	0.2	0.3577708764	0.9155417528
owing	1	0.2	0.3577708764	0.9155417528
year	14	5.4	4.29045452138	13.9809090428
avoided	2	0.2	0.3577708764	0.9155417528
interference	2	0.2	0.3577708764	0.9155417528
rational	1	0.2	0.3577708764	0.9155417528
correct	2	0.6	0.651152823844	1.90230564769
unexpected	1	0.2	0.3577708764	0.9155417528
inevitable	3	0.4	0.37947331922	1.15894663844
patronage	1	0.2	0.3577708764	0.9155417528
where	3	0.8	0.1788854382	1.1577708764
place	4	1.6	1.15238882327	3.90477764654
revenue	13	3.2	3.24222146067	9.68444292133
carry	4	0.6	0.309838667697	1.21967733539
discharged	3	0.6	0.651152823844	1.90230564769
district	1	0.2	0.3577708764	0.9155417528
west	4	0.6	0.651152823844	1.90230564769
season	5	1.0	1.0	3.0
taxation	3	0.6	0.651152823844	1.90230564769
stipulation	1	0.2	0.3577708764	0.9155417528
than	19	6.2	5.41848687366	17.0369737473
10	1	0.2	0.3577708764	0.9155417528
summary	1	0.2	0.3577708764	0.9155417528
fruits	1	0.2	0.3577708764	0.9155417528
instructed	2	0.8	0.551361950084	1.90272390017
unavailing	1	0.2	0.3577708764	0.9155417528
sure	2	0.6	0.651152823844	1.90230564769
fundamental	1	0.2	0.3577708764	0.9155417528
landing	2	0.2	0.3577708764	0.9155417528
forever	1	0.2	0.3577708764	0.9155417528
especially	2	0.8	0.551361950084	1.90272390017
considered	2	0.6	0.651152823844	1.90230564769
surplus	5	0.8	0.551361950084	1.90272390017
gulf	2	0.2	0.3577708764	0.9155417528
impunity	1	0.2	0.3577708764	0.9155417528
only	15	5.4	4.5615786741	14.5231573482
believing	1	0.2	0.3577708764	0.9155417528
outrage	1	0.2	0.3577708764	0.9155417528
designated	1	0.2	0.3577708764	0.9155417528
nearly	5	0.6	0.651152823844	1.90230564769
treachery	2	0.2	0.3577708764	0.9155417528
liable	1	0.2	0.3577708764	0.9155417528
seat	1	0.2	0.3577708764	0.9155417528
voluntary	2	0.2	0.3577708764	0.9155417528
federal	16	0.2	0.3577708764	0.9155417528
justifies	1	0.2	0.3577708764	0.9155417528
boundaries	1	0.2	0.3577708764	0.9155417528
enumerated	1	0.2	0.3577708764	0.9155417528
sites	1	0.2	0.3577708764	0.9155417528
august	2	0.2	0.3577708764	0.9155417528
rapidly	2	0.4	0.37947331922	1.15894663844
countenance	1	0.2	0.3577708764	0.9155417528
efficiency	3	0.4	0.37947331922	1.15894663844
region	1	0.2	0.3577708764	0.9155417528
according	4	1.0	0.894427191	2.788854382
period	14	3.8	3.99799949975	11.7959989995
maintained	4	1.4	0.49799598392	2.39599196784
mark	1	0.2	0.3577708764	0.9155417528
dangers	2	0.6	0.651152823844	1.90230564769
borders	1	0.2	0.3577708764	0.9155417528
scrupulously	1	0.2	0.3577708764	0.9155417528
myself	2	0.8	0.551361950084	1.90272390017
these	17	6.2	4.29790646711	14.7958129342
transactions	2	0.6	0.651152823844	1.90230564769
engaged	2	1.0	0.4472135955	1.894427191
commanded	1	0.2	0.3577708764	0.9155417528
expenditures	11	1.8	1.91415777824	5.62831555648
agitated	1	0.2	0.3577708764	0.9155417528
events	3	1.2	0.885437744847	2.97087548969
objection	1	0.2	0.3577708764	0.9155417528
severe	2	0.2	0.3577708764	0.9155417528
very	4	1.4	1.20664825032	3.81329650064
bodies	2	0.2	0.3577708764	0.9155417528
unerring	1	0.2	0.3577708764	0.9155417528
usefully	1	0.2	0.3577708764	0.9155417528
earnest	2	0.4	0.37947331922	1.15894663844
traffic	2	0.2	0.3577708764	0.9155417528
annually	2	0.4	0.37947331922	1.15894663844
benefit	2	0.2	0.3577708764	0.9155417528
either	9	1.2	0.885437744847	2.97087548969
fully	10	1.2	0.619677335393	2.43935467079
reduced	4	0.4	0.37947331922	1.15894663844
burdens	2	0.4	0.7155417528	1.8310835056
exposed	2	0.8	0.551361950084	1.90272390017
conditional	2	0.2	0.3577708764	0.9155417528
duration	2	0.2	0.3577708764	0.9155417528
critical	2	0.2	0.3577708764	0.9155417528
provides	1	0.2	0.3577708764	0.9155417528
refer	2	0.4	0.37947331922	1.15894663844
business	5	1.4	1.20664825032	3.81329650064
intrusted	1	0.2	0.3577708764	0.9155417528
earlier	1	0.2	0.3577708764	0.9155417528
industry	2	0.6	0.309838667697	1.21967733539
practical	3	0.4	0.7155417528	1.8310835056
mutually	1	0.2	0.3577708764	0.9155417528
greatly	3	0.8	0.75894663844	2.31789327688
lands	3	0.6	1.0733126292	2.7466252584
interruption	1	0.2	0.3577708764	0.9155417528
spreading	1	0.2	0.3577708764	0.9155417528
secure	4	0.8	0.551361950084	1.90272390017
accumulated	1	0.2	0.3577708764	0.9155417528
aggrandizement	2	0.2	0.3577708764	0.9155417528
disposed	1	0.2	0.3577708764	0.9155417528
reduce	1	0.2	0.3577708764	0.9155417528
abuses	1	0.2	0.3577708764	0.9155417528
certain	6	1.0	0.4472135955	1.894427191
am	6	1.8	1.91415777824	5.62831555648
again	2	0.8	0.551361950084	1.90272390017
merchants	1	0.2	0.3577708764	0.9155417528
hands	2	0.2	0.3577708764	0.9155417528
invariable	2	0.2	0.3577708764	0.9155417528
causes	5	0.6	0.309838667697	1.21967733539
provisions	3	1.2	0.885437744847	2.97087548969
removal	3	0.4	0.7155417528	1.8310835056
preserved	1	0.2	0.3577708764	0.9155417528
safety	4	1.0	0.4472135955	1.894427191
returned	2	0.2	0.3577708764	0.9155417528
results	6	0.2	0.3577708764	0.9155417528
decide	2	0.4	0.7155417528	1.8310835056
fortitude	1	0.2	0.3577708764	0.9155417528
difference	4	0.4	0.37947331922	1.15894663844
accompanying	1	0.2	0.3577708764	0.9155417528
applicable	1	0.2	0.3577708764	0.9155417528
large	10	1.0	1.3416407865	3.683281573
penalties	1	0.2	0.3577708764	0.9155417528
past	6	1.4	1.63217646105	4.6643529221
residue	1	0.2	0.3577708764	0.9155417528
deeply	2	1.0	0.4472135955	1.894427191
brief	1	0.2	0.3577708764	0.9155417528
public	44	13.0	11.78134118	36.56268236
inconsiderable	1	0.2	0.3577708764	0.9155417528
treasury	11	3.4	2.26450877675	7.92901755351
followed	1	0.2	0.3577708764	0.9155417528
family	1	0.2	0.3577708764	0.9155417528
requiring	2	0.4	0.37947331922	1.15894663844
6	1	0.2	0.3577708764	0.9155417528
injury	1	0.2	0.3577708764	0.9155417528
debarred	1	0.2	0.3577708764	0.9155417528
factories	2	0.4	0.7155417528	1.8310835056
suffered	3	0.8	0.987927122818	2.77585424564
presumed	1	0.2	0.3577708764	0.9155417528
keeping	1	0.2	0.3577708764	0.9155417528
sent	3	0.8	0.987927122818	2.77585424564
prompt	3	0.6	0.651152823844	1.90230564769
stated	3	0.8	0.987927122818	2.77585424564
purchased	1	0.2	0.3577708764	0.9155417528
simple	1	0.2	0.3577708764	0.9155417528
rather	1	0.2	0.3577708764	0.9155417528
persevering	2	0.2	0.3577708764	0.9155417528
coming	2	0.2	0.3577708764	0.9155417528
invasion	1	0.2	0.3577708764	0.9155417528
a	169	65.0	43.9727188152	152.94543763
wishes	1	0.2	0.3577708764	0.9155417528
functionaries	1	0.2	0.3577708764	0.9155417528
banks	4	0.6	1.0733126292	2.7466252584
pleasure	2	0.6	0.309838667697	1.21967733539
trade	9	1.6	0.726636084983	3.05327216997
pretext	1	0.2	0.3577708764	0.9155417528
its	58	15.0	15.2905199388	45.5810398777
28	1	0.2	0.3577708764	0.9155417528
resort	5	1.0	1.3416407865	3.683281573
individuals	3	0.6	0.309838667697	1.21967733539
governments	10	3.2	2.38997907941	7.97995815881
propose	1	0.2	0.3577708764	0.9155417528
anticipated	5	1.2	1.30230564769	3.80461129538
always	4	1.0	0.894427191	2.788854382
found	7	1.4	1.20664825032	3.81329650064
friendship	2	0.6	0.309838667697	1.21967733539
weight	2	0.4	0.37947331922	1.15894663844
operation	7	0.8	1.4310835056	3.6621670112
beyond	4	0.6	0.651152823844	1.90230564769
really	1	0.2	0.3577708764	0.9155417528
since	8	3.0	2.44948974278	7.89897948557
temporary	1	0.2	0.3577708764	0.9155417528
adhere	2	0.2	0.3577708764	0.9155417528
health	1	0.2	0.3577708764	0.9155417528
issue	2	0.6	0.309838667697	1.21967733539
favored	1	0.2	0.3577708764	0.9155417528
differ	1	0.2	0.3577708764	0.9155417528
beginning	1	0.2	0.3577708764	0.9155417528
benefits	3	0.8	0.987927122818	2.77585424564
success	3	1.0	0.894427191	2.788854382
conducted	2	0.4	0.37947331922	1.15894663844
arose	1	0.2	0.3577708764	0.9155417528
preservation	2	0.4	0.7155417528	1.8310835056
general	25	4.2	2.99332590942	10.1866518188
exertions	3	1.0	0.894427191	2.788854382
least	3	0.8	0.551361950084	1.90272390017
unchecked	1	0.2	0.3577708764	0.9155417528
finances	4	0.6	0.651152823844	1.90230564769
peaceably	1	0.2	0.3577708764	0.9155417528
justly	3	0.6	1.0733126292	2.7466252584
relieved	1	0.2	0.3577708764	0.9155417528
believe	3	1.0	0.894427191	2.788854382
contrary	3	0.6	0.651152823844	1.90230564769
urgently	1	0.2	0.3577708764	0.9155417528
vitally	1	0.2	0.3577708764	0.9155417528
salutary	4	0.2	0.3577708764	0.9155417528
also	10	2.8	2.22710574513	7.25421149026
most	13	5.0	2.89827534924	10.7965506985
enduring	2	0.2	0.3577708764	0.9155417528
nothing	4	0.6	0.651152823844	1.90230564769
engagements	1	0.2	0.3577708764	0.9155417528
constitution	10	2.4	1.8547236991	6.1094473982
shortly	2	0.2	0.3577708764	0.9155417528
less	5	2.0	1.09544511501	4.19089023002
indian	4	0.6	0.651152823844	1.90230564769
dependent	3	0.2	0.3577708764	0.9155417528
during	11	3.6	3.13942669926	9.87885339851
enemy	2	0.6	0.651152823844	1.90230564769
progressive	1	0.2	0.3577708764	0.9155417528
banking	3	0.2	0.3577708764	0.9155417528
approaching	2	0.2	0.3577708764	0.9155417528
intelligence	2	0.4	0.37947331922	1.15894663844
instituted	2	0.4	0.7155417528	1.8310835056
project	2	1.0	0.0	1.0
seconded	1	0.2	0.3577708764	0.9155417528
creating	2	0.2	0.3577708764	0.9155417528
appropriations	7	1.8	1.97787765041	5.75575530082
became	2	0.4	0.7155417528	1.8310835056
point	3	0.6	0.651152823844	1.90230564769
reasons	2	0.2	0.3577708764	0.9155417528
prosecuting	1	0.2	0.3577708764	0.9155417528
others	7	1.4	0.489897948557	2.37979589711
community	4	0.4	0.37947331922	1.15894663844
lake	2	0.2	0.3577708764	0.9155417528
expensive	1	0.2	0.3577708764	0.9155417528
create	1	0.2	0.3577708764	0.9155417528
political	8	2.2	2.61839645585	7.4367929117
strengthen	2	0.2	0.3577708764	0.9155417528
practicable	3	0.8	0.551361950084	1.90272390017
extravagant	1	0.2	0.3577708764	0.9155417528
maintenance	1	0.2	0.3577708764	0.9155417528
threaten	1	0.2	0.3577708764	0.9155417528
territory	5	1.0	1.0	3.0
demand	3	0.6	0.651152823844	1.90230564769
solid	3	0.2	0.3577708764	0.9155417528
governor	1	0.2	0.3577708764	0.9155417528
replaced	1	0.2	0.3577708764	0.9155417528
resolved	1	0.2	0.3577708764	0.9155417528
itself	5	1.8	1.5205262247	4.8410524494
ready	1	0.2	0.3577708764	0.9155417528
belong	1	0.2	0.3577708764	0.9155417528
survey	2	0.4	0.7155417528	1.8310835056
proved	2	0.4	0.7155417528	1.8310835056
moment	3	0.6	0.651152823844	1.90230564769
necessity	7	2.2	1.67092788594	5.54185577187
aggregate	2	0.2	0.3577708764	0.9155417528
herewith	1	0.2	0.3577708764	0.9155417528
sacred	2	0.2	0.3577708764	0.9155417528
things	2	0.6	0.651152823844	1.90230564769
belgium	1	0.2	0.3577708764	0.9155417528
speedily	3	0.4	0.37947331922	1.15894663844
overthrown	1	0.2	0.3577708764	0.9155417528
resorted	1	0.2	0.3577708764	0.9155417528
austria	1	0.2	0.3577708764	0.9155417528
distrust	1	0.2	0.3577708764	0.9155417528
experienced	6	0.2	0.3577708764	0.9155417528
delivered	1	0.2	0.3577708764	0.9155417528
exceeding	3	0.2	0.3577708764	0.9155417528
agreement	2	0.4	0.37947331922	1.15894663844
step	2	0.4	0.7155417528	1.8310835056
property	2	1.0	0.4472135955	1.894427191
troops	6	0.4	0.37947331922	1.15894663844
faith	3	0.6	1.0733126292	2.7466252584
deserves	1	0.2	0.3577708764	0.9155417528
plenty	1	0.2	0.3577708764	0.9155417528
duly	1	0.2	0.3577708764	0.9155417528
hopes	2	0.2	0.3577708764	0.9155417528
line	4	0.6	0.651152823844	1.90230564769
considerable	3	0.4	0.37947331922	1.15894663844
raising	1	0.2	0.3577708764	0.9155417528
directed	4	1.2	0.521536192416	2.24307238483
gratifying	2	0.6	0.309838667697	1.21967733539
similar	4	0.2	0.3577708764	0.9155417528
say	4	1.0	0.894427191	2.788854382
defined	1	0.2	0.3577708764	0.9155417528
influence	4	0.8	1.4310835056	3.6621670112
entrance	2	0.4	0.7155417528	1.8310835056
work	2	0.6	0.651152823844	1.90230564769
evils	4	0.8	0.987927122818	2.77585424564
peace	8	2.8	0.979795897113	4.75959179423
preventing	2	0.4	0.7155417528	1.8310835056
elements	1	0.2	0.3577708764	0.9155417528
odious	1	0.2	0.3577708764	0.9155417528
independently	3	0.2	0.3577708764	0.9155417528
presenting	1	0.2	0.3577708764	0.9155417528
fresh	1	0.2	0.3577708764	0.9155417528
having	17	3.2	3.04368198076	9.28736396152
weighty	1	0.2	0.3577708764	0.9155417528
resistance	1	0.2	0.3577708764	0.9155417528
produce	6	1.0	0.632455532034	2.26491106407
proposition	2	0.6	0.651152823844	1.90230564769
go	1	0.2	0.3577708764	0.9155417528
adjustment	5	1.2	1.2585706178	3.71714123561
seemed	2	0.2	0.3577708764	0.9155417528
compact	1	0.2	0.3577708764	0.9155417528
jealousies	1	0.2	0.3577708764	0.9155417528
enjoined	1	0.2	0.3577708764	0.9155417528
propriety	2	0.2	0.3577708764	0.9155417528
resources	5	1.4	0.809938269253	3.01987653851
continued	9	0.8	0.987927122818	2.77585424564
entire	1	0.2	0.3577708764	0.9155417528
shock	1	0.2	0.3577708764	0.9155417528
concluded	3	0.6	0.309838667697	1.21967733539
mediterranean	1	0.2	0.3577708764	0.9155417528
maintain	5	0.4	0.37947331922	1.15894663844
giving	4	0.6	0.309838667697	1.21967733539
expressed	2	0.2	0.3577708764	0.9155417528
degree	6	1.2	0.4	2.0
commercial	7	1.6	1.55434873822	4.70869747644
objects	6	1.4	0.489897948557	2.37979589711
31	1	0.2	0.3577708764	0.9155417528
resulting	1	0.2	0.3577708764	0.9155417528
opinion	6	2.0	1.41421356237	4.82842712475
private	2	0.4	0.37947331922	1.15894663844
decrease	1	0.2	0.3577708764	0.9155417528
home	2	0.8	0.551361950084	1.90272390017
confidence	4	2.0	0.632455532034	3.26491106407
few	6	0.8	0.75894663844	2.31789327688
reciprocity	1	0.2	0.3577708764	0.9155417528
themselves	7	2.2	1.41138230115	5.0227646023
belgian	1	0.2	0.3577708764	0.9155417528
occurred	4	1.2	0.885437744847	2.97087548969
carrying	2	0.4	0.37947331922	1.15894663844
abstinence	2	0.2	0.3577708764	0.9155417528
proof	1	0.2	0.3577708764	0.9155417528
predecessor	3	0.4	0.7155417528	1.8310835056
promptitude	2	0.4	0.37947331922	1.15894663844
numerous	2	0.4	0.37947331922	1.15894663844
attachment	2	0.2	0.3577708764	0.9155417528
fostered	1	0.2	0.3577708764	0.9155417528
testimony	1	0.2	0.3577708764	0.9155417528
collection	2	0.4	0.37947331922	1.15894663844
realized	2	0.6	0.651152823844	1.90230564769
light	2	0.6	0.309838667697	1.21967733539
subsequently	2	0.2	0.3577708764	0.9155417528
secured	1	0.2	0.3577708764	0.9155417528
doubtful	1	0.2	0.3577708764	0.9155417528
permanent	9	0.8	0.1788854382	1.1577708764
greater	6	1.8	1.95345847153	5.70691694306
material	1	0.2	0.3577708764	0.9155417528
day	6	1.2	0.885437744847	2.97087548969
admonished	1	0.2	0.3577708764	0.9155417528
intelligent	1	0.2	0.3577708764	0.9155417528
traced	1	0.2	0.3577708764	0.9155417528
adjournment	2	0.2	0.3577708764	0.9155417528
accompanied	2	0.2	0.3577708764	0.9155417528
aggravated	2	0.4	0.37947331922	1.15894663844
remove	3	0.2	0.3577708764	0.9155417528
respects	2	0.4	0.7155417528	1.8310835056
honorable	5	0.8	0.1788854382	1.1577708764
loans	3	0.2	0.3577708764	0.9155417528
promptly	3	0.6	0.651152823844	1.90230564769
surely	1	0.2	0.3577708764	0.9155417528
river	2	0.2	0.3577708764	0.9155417528
removing	3	0.2	0.3577708764	0.9155417528
improvements	3	1.2	0.885437744847	2.97087548969
bears	1	0.2	0.3577708764	0.9155417528
flag	3	0.2	0.3577708764	0.9155417528
final	3	0.6	0.651152823844	1.90230564769
too	5	1.4	1.20664825032	3.81329650064
involved	4	1.2	0.521536192416	2.24307238483
distinguished	2	0.4	0.7155417528	1.8310835056
exhibit	2	0.2	0.3577708764	0.9155417528
fail	4	0.4	0.7155417528	1.8310835056
apparently	2	0.2	0.3577708764	0.9155417528
clearly	3	0.6	0.651152823844	1.90230564769
agency	2	0.4	0.7155417528	1.8310835056
able	2	0.4	0.37947331922	1.15894663844
instance	1	0.2	0.3577708764	0.9155417528
concerns	4	0.8	0.75894663844	2.31789327688
intentions	1	0.2	0.3577708764	0.9155417528
class	1	0.2	0.3577708764	0.9155417528
consequences	5	0.6	0.309838667697	1.21967733539
face	2	0.2	0.3577708764	0.9155417528
proceedings	1	0.2	0.3577708764	0.9155417528
exclusive	2	0.2	0.3577708764	0.9155417528
bring	3	0.6	0.651152823844	1.90230564769
soldiers	2	0.2	0.3577708764	0.9155417528
prolong	1	0.2	0.3577708764	0.9155417528
employed	6	1.0	0.4472135955	1.894427191
exchanged	1	0.2	0.3577708764	0.9155417528
sustain	2	0.2	0.3577708764	0.9155417528
words	1	0.2	0.3577708764	0.9155417528
stipulations	3	0.4	0.7155417528	1.8310835056
subjected	2	0.4	0.37947331922	1.15894663844
available	2	0.2	0.3577708764	0.9155417528
acquired	1	0.2	0.3577708764	0.9155417528
national	16	4.0	1.8973665961	7.7947331922
conjunctures	1	0.2	0.3577708764	0.9155417528
tend	2	0.4	0.37947331922	1.15894663844
difficulties	6	0.6	0.651152823844	1.90230564769
boundary	3	0.8	0.75894663844	2.31789327688
ability	4	0.4	0.37947331922	1.15894663844
career	2	0.2	0.3577708764	0.9155417528
safely	1	0.2	0.3577708764	0.9155417528
grounds	2	0.2	0.3577708764	0.9155417528
fostering	1	0.2	0.3577708764	0.9155417528
subdue	1	0.2	0.3577708764	0.9155417528
diversity	1	0.2	0.3577708764	0.9155417528
stationed	1	0.2	0.3577708764	0.9155417528
sufficient	4	1.2	0.619677335393	2.43935467079
finished	1	0.2	0.3577708764	0.9155417528
expenditure	2	0.6	0.651152823844	1.90230564769
ours	3	0.6	0.309838667697	1.21967733539
abandoned	1	0.2	0.3577708764	0.9155417528
value	7	1.2	0.885437744847	2.97087548969
apprehend	2	0.2	0.3577708764	0.9155417528
thus	11	2.4	2.26627447587	6.93254895175
administration	7	1.4	0.8049844719	3.0099689438
member	1	0.2	0.3577708764	0.9155417528
adverse	2	0.2	0.3577708764	0.9155417528
difficult	3	0.8	0.75894663844	2.31789327688
practice	1	0.2	0.3577708764	0.9155417528
slave	7	0.4	0.7155417528	1.8310835056
warranted	1	0.2	0.3577708764	0.9155417528
obstacles	2	0.4	0.7155417528	1.8310835056
command	7	0.4	0.7155417528	1.8310835056
arising	3	0.2	0.3577708764	0.9155417528
latest	1	0.2	0.3577708764	0.9155417528
discord	2	0.2	0.3577708764	0.9155417528
sources	4	0.6	1.0733126292	2.7466252584
supply	1	0.2	0.3577708764	0.9155417528
recommending	1	0.2	0.3577708764	0.9155417528
add	3	1.2	0.521536192416	2.24307238483
adoption	5	0.4	0.37947331922	1.15894663844
propositions	2	0.2	0.3577708764	0.9155417528
confederacy	1	0.2	0.3577708764	0.9155417528
ample	6	0.2	0.3577708764	0.9155417528
amply	1	0.2	0.3577708764	0.9155417528
like	4	0.4	0.37947331922	1.15894663844
excluding	1	0.2	0.3577708764	0.9155417528
safest	1	0.2	0.3577708764	0.9155417528
payments	2	0.4	0.37947331922	1.15894663844
works	4	1.6	1.10272390017	3.80544780033
exceed	2	0.2	0.3577708764	0.9155417528
throughout	6	0.2	0.3577708764	0.9155417528
avoid	4	0.8	0.75894663844	2.31789327688
assuming	1	0.2	0.3577708764	0.9155417528
demonstrated	2	0.8	0.551361950084	1.90272390017
carried	7	0.6	0.651152823844	1.90230564769
influences	3	0.4	0.7155417528	1.8310835056
certainty	2	0.2	0.3577708764	0.9155417528
concession	1	0.2	0.3577708764	0.9155417528
equally	5	1.4	1.63217646105	4.6643529221
promise	2	0.2	0.3577708764	0.9155417528
mississippi	2	0.6	0.651152823844	1.90230564769
additional	7	2.2	2.15034880891	6.50069761783
confident	1	0.2	0.3577708764	0.9155417528
transfer	1	0.2	0.3577708764	0.9155417528
reduction	6	0.2	0.3577708764	0.9155417528
fiscal	5	0.4	0.7155417528	1.8310835056
construction	3	0.8	0.987927122818	2.77585424564
violate	1	0.2	0.3577708764	0.9155417528
recapitulation	1	0.2	0.3577708764	0.9155417528
signed	2	0.2	0.3577708764	0.9155417528
excitement	2	0.4	0.37947331922	1.15894663844
distribution	3	0.2	0.3577708764	0.9155417528
bearing	1	0.2	0.3577708764	0.9155417528
entering	1	0.2	0.3577708764	0.9155417528
compared	1	0.2	0.3577708764	0.9155417528
contest	3	0.8	0.551361950084	1.90272390017
out	11	1.6	2.42981480776	6.45962961552
conclusion	3	0.6	0.651152823844	1.90230564769
june	1	0.2	0.3577708764	0.9155417528
portion	6	1.8	1.43666279969	4.67332559937
