limited	6	1.4	1.20664825032	3.81329650064
facilities	2	0.4	0.37947331922	1.15894663844
every	22	10.0	5.8991524815	21.798304963
govern	1	0.2	0.3577708764	0.9155417528
reciprocal	1	0.2	0.3577708764	0.9155417528
red	2	0.2	0.3577708764	0.9155417528
abolishing	1	0.2	0.3577708764	0.9155417528
enjoy	1	0.2	0.3577708764	0.9155417528
direct	11	0.8	0.987927122818	2.77585424564
likely	5	0.4	0.37947331922	1.15894663844
estimated	2	0.8	0.551361950084	1.90272390017
even	6	2.2	0.6260990337	3.4521980674
liberty	6	0.8	0.1788854382	1.1577708764
speedy	4	1.4	1.20664825032	3.81329650064
ever	19	3.6	3.44325427467	10.4865085493
harbors	3	0.6	0.651152823844	1.90230564769
deemed	5	1.8	0.843800924389	3.48760184878
avert	1	0.2	0.3577708764	0.9155417528
men	4	1.0	0.632455532034	2.26491106407
protection	7	1.8	1.56971334963	4.93942669926
obtained	4	1.2	1.30230564769	3.80461129538
advantages	8	1.8	1.05451410612	3.90902821223
brought	4	1.2	0.885437744847	2.97087548969
inequality	2	0.2	0.3577708764	0.9155417528
stand	2	0.6	0.651152823844	1.90230564769
would	54	13.8	10.9028436658	35.6056873315
preserved	3	0.4	0.37947331922	1.15894663844
successful	3	1.2	0.885437744847	2.97087548969
midst	1	0.2	0.3577708764	0.9155417528
tariff	9	0.6	0.651152823844	1.90230564769
circumstances	9	3.4	1.95959179423	7.31918358845
me	19	4.2	2.15220816837	8.50441633674
why	2	0.2	0.3577708764	0.9155417528
pursue	2	0.2	0.3577708764	0.9155417528
my	47	11.4	11.1642285896	33.7284571791
give	9	1.4	1.20332871652	3.80665743304
organized	3	1.2	0.521536192416	2.24307238483
want	3	0.8	0.75894663844	2.31789327688
times	8	1.4	0.8049844719	3.0099689438
elicited	3	0.2	0.3577708764	0.9155417528
inhabitants	1	0.2	0.3577708764	0.9155417528
how	4	1.4	0.8049844719	3.0099689438
ratification	1	0.2	0.3577708764	0.9155417528
adjacent	1	0.2	0.3577708764	0.9155417528
sustaining	2	0.4	0.37947331922	1.15894663844
effective	1	0.2	0.3577708764	0.9155417528
occasions	2	0.4	0.37947331922	1.15894663844
operate	3	0.4	0.37947331922	1.15894663844
order	2	0.8	0.1788854382	1.1577708764
operations	4	1.8	0.843800924389	3.48760184878
restriction	7	0.2	0.3577708764	0.9155417528
office	7	2.0	1.67332005307	5.34664010614
over	12	2.0	1.788854382	5.577708764
presence	1	0.2	0.3577708764	0.9155417528
some	27	5.0	2.2803508502	9.5607017004
fit	1	0.2	0.3577708764	0.9155417528
personal	4	0.6	0.651152823844	1.90230564769
heretofore	4	1.4	0.809938269253	3.01987653851
omitted	1	0.2	0.3577708764	0.9155417528
admirable	1	0.2	0.3577708764	0.9155417528
them	38	16.2	9.49526197638	35.1905239528
affected	1	0.2	0.3577708764	0.9155417528
press	1	0.2	0.3577708764	0.9155417528
safe	4	1.2	1.30230564769	3.80461129538
effects	5	1.2	0.885437744847	2.97087548969
they	55	14.8	10.3227903205	35.4455806409
hitherto	3	0.2	0.3577708764	0.9155417528
each	10	2.8	3.25944780599	9.31889561199
went	1	0.2	0.3577708764	0.9155417528
afforded	6	1.2	0.521536192416	2.24307238483
councils	2	0.6	0.309838667697	1.21967733539
temporary	5	0.4	0.37947331922	1.15894663844
borne	1	0.2	0.3577708764	0.9155417528
upward	2	0.6	0.651152823844	1.90230564769
extinguishment	1	0.2	0.3577708764	0.9155417528
vessels	18	3.2	2.0278066969	7.2556133938
assured	1	0.2	0.3577708764	0.9155417528
free	8	1.4	1.20332871652	3.80665743304
small	6	2.0	1.54919333848	5.09838667697
bestow	1	0.2	0.3577708764	0.9155417528
created	2	0.6	0.651152823844	1.90230564769
professions	1	0.2	0.3577708764	0.9155417528
render	9	1.0	1.0	3.0
compromise	2	0.2	0.3577708764	0.9155417528
observations	2	0.2	0.3577708764	0.9155417528
occasioned	1	0.2	0.3577708764	0.9155417528
serve	3	0.4	0.7155417528	1.8310835056
wisdom	4	1.0	0.4472135955	1.894427191
anxiety	1	0.2	0.3577708764	0.9155417528
matter	7	1.2	1.13841995766	3.47683991532
design	1	0.2	0.3577708764	0.9155417528
solemn	3	0.4	0.37947331922	1.15894663844
mind	7	0.6	0.651152823844	1.90230564769
manner	6	2.4	1.35646599663	5.11293199325
obviously	1	0.2	0.3577708764	0.9155417528
latter	2	0.8	0.551361950084	1.90272390017
thorough	1	0.2	0.3577708764	0.9155417528
recommended	5	1.6	1.64438438329	4.88876876658
neither	3	1.2	0.885437744847	2.97087548969
conducive	1	0.2	0.3577708764	0.9155417528
shall	13	7.0	2.2803508502	11.5607017004
object	14	4.0	2.60768096208	9.21536192416
exercised	2	0.6	0.651152823844	1.90230564769
the	1400	614.4	359.733568075	1333.86713615
points	8	1.0	1.3416407865	3.683281573
undue	1	0.2	0.3577708764	0.9155417528
treaties	4	0.4	0.37947331922	1.15894663844
attempts	3	0.2	0.3577708764	0.9155417528
respectfully	2	0.2	0.3577708764	0.9155417528
earth	2	0.6	0.309838667697	1.21967733539
enjoyed	2	0.6	0.309838667697	1.21967733539
pursuing	1	0.2	0.3577708764	0.9155417528
announce	2	0.2	0.3577708764	0.9155417528
do	14	4.0	2.60768096208	9.21536192416
stop	1	0.2	0.3577708764	0.9155417528
spirit	12	2.8	2.4883729624	7.7767459248
report	9	3.2	2.61992366301	8.43984732602
increasing	3	1.2	0.521536192416	2.24307238483
countries	8	2.6	1.98393548282	6.56787096564
framers	3	0.2	0.3577708764	0.9155417528
require	7	2.4	2.16517897644	6.73035795287
secretary	6	2.6	1.52839785396	5.65679570793
erroneous	1	0.2	0.3577708764	0.9155417528
fair	3	0.4	0.37947331922	1.15894663844
depends	1	0.2	0.3577708764	0.9155417528
result	11	3.8	1.93907194297	7.67814388593
best	7	3.6	1.49666295471	6.59332590942
subject	30	8.8	10.2645019363	29.3290038726
capacity	1	0.2	0.3577708764	0.9155417528
future	10	3.4	1.74355957742	6.88711915483
preserve	3	0.4	0.37947331922	1.15894663844
accord	2	0.4	0.37947331922	1.15894663844
nature	7	0.8	0.551361950084	1.90272390017
authorizing	5	0.6	0.309838667697	1.21967733539
rivers	2	0.8	0.551361950084	1.90272390017
climate	2	0.6	0.309838667697	1.21967733539
country	37	12.0	6.35609943283	24.7121988657
regions	2	0.2	0.3577708764	0.9155417528
distinction	1	0.2	0.3577708764	0.9155417528
expense	11	2.0	0.894427191	3.788854382
baleful	1	0.2	0.3577708764	0.9155417528
asked	5	0.6	0.651152823844	1.90230564769
negotiation	8	2.2	1.41138230115	5.0227646023
jurisdiction	4	0.2	0.3577708764	0.9155417528
vain	1	0.2	0.3577708764	0.9155417528
represented	1	0.2	0.3577708764	0.9155417528
trust	7	1.6	0.8	3.2
particulars	3	0.2	0.3577708764	0.9155417528
much	20	4.6	2.33238075794	9.26476151588
west	7	1.4	1.20664825032	3.81329650064
interest	20	4.2	2.56124969497	9.32249938995
duties	12	3.8	2.69666460651	9.19332921302
easy	1	0.2	0.3577708764	0.9155417528
prosperous	2	0.2	0.3577708764	0.9155417528
regretted	1	0.2	0.3577708764	0.9155417528
deliberations	2	0.2	0.3577708764	0.9155417528
commerce	12	4.6	1.8547236991	8.3094473982
apprehension	4	0.6	0.651152823844	1.90230564769
lessen	1	0.2	0.3577708764	0.9155417528
suppose	1	0.2	0.3577708764	0.9155417528
mexico	5	1.6	1.10272390017	3.80544780033
is	148	51.0	25.3298243184	101.659648637
it	179	73.2	43.7145284774	160.629056955
in	324	122.8	74.222368596	271.244737192
if	30	12.2	7.08237248385	26.3647449677
perform	1	0.2	0.3577708764	0.9155417528
make	15	3.6	2.94210808775	9.4842161755
who	19	8.0	4.93963561409	17.8792712282
colonies	8	0.4	0.7155417528	1.8310835056
several	12	4.0	3.28633534503	10.5726706901
convictions	1	0.2	0.3577708764	0.9155417528
imperiously	1	0.2	0.3577708764	0.9155417528
entitled	4	0.4	0.37947331922	1.15894663844
prosperity	7	2.4	1.35646599663	5.11293199325
social	1	0.2	0.3577708764	0.9155417528
evil	3	0.4	0.37947331922	1.15894663844
superior	2	0.2	0.3577708764	0.9155417528
confiding	1	0.2	0.3577708764	0.9155417528
insisted	1	0.2	0.3577708764	0.9155417528
opportunity	4	0.2	0.3577708764	0.9155417528
prescribed	2	0.4	0.37947331922	1.15894663844
matters	7	0.6	0.309838667697	1.21967733539
possessed	2	0.2	0.3577708764	0.9155417528
spoliations	2	0.2	0.3577708764	0.9155417528
greatest	3	0.6	0.651152823844	1.90230564769
pursued	3	0.8	0.551361950084	1.90272390017
alabama	3	0.2	0.3577708764	0.9155417528
corporate	1	0.2	0.3577708764	0.9155417528
opinions	3	0.6	0.651152823844	1.90230564769
world	5	1.4	0.809938269253	3.01987653851
human	2	0.4	0.37947331922	1.15894663844
houses	6	0.2	0.3577708764	0.9155417528
yet	13	5.8	3.1874754901	12.1749509802
pecuniary	4	1.2	1.30230564769	3.80461129538
regarded	5	1.4	1.20664825032	3.81329650064
character	27	5.4	4.07921561087	13.5584312217
beloved	3	0.6	0.309838667697	1.21967733539
humanity	2	0.8	0.551361950084	1.90272390017
possible	8	1.0	1.0	3.0
auspicious	1	0.2	0.3577708764	0.9155417528
feelings	7	0.6	0.309838667697	1.21967733539
unfounded	2	0.6	0.651152823844	1.90230564769
desire	4	1.2	0.885437744847	2.97087548969
dignity	2	0.6	0.651152823844	1.90230564769
51	1	0.2	0.3577708764	0.9155417528
zeal	2	0.6	0.651152823844	1.90230564769
officer	8	1.4	1.20664825032	3.81329650064
security	9	3.0	1.41421356237	5.82842712475
beneficial	2	0.6	0.309838667697	1.21967733539
right	18	2.0	1.8973665961	5.7947331922
old	2	0.4	0.7155417528	1.8310835056
people	37	10.2	9.51588146206	29.2317629241
creed	1	0.2	0.3577708764	0.9155417528
facility	3	1.2	0.885437744847	2.97087548969
productions	8	0.2	0.3577708764	0.9155417528
election	4	0.2	0.3577708764	0.9155417528
for	118	54.0	24.3063777639	102.612755528
denied	1	0.2	0.3577708764	0.9155417528
proceed	2	0.2	0.3577708764	0.9155417528
theirs	1	0.2	0.3577708764	0.9155417528
cherish	4	1.0	0.4472135955	1.894427191
own	17	4.6	3.09967740257	10.7993548051
improvement	13	2.0	2.36643191324	6.73286382648
considerations	7	0.8	0.551361950084	1.90272390017
civil	2	0.2	0.3577708764	0.9155417528
soon	7	2.6	1.29923054151	5.19846108303
fervent	1	0.2	0.3577708764	0.9155417528
natural	3	0.2	0.3577708764	0.9155417528
happy	6	2.4	1.21983605456	4.83967210912
questionable	1	0.2	0.3577708764	0.9155417528
becoming	2	0.2	0.3577708764	0.9155417528
satisfactorily	1	0.2	0.3577708764	0.9155417528
justify	4	0.8	0.987927122818	2.77585424564
removed	4	0.8	0.551361950084	1.90272390017
true	6	2.2	1.46969384567	5.13938769134
portions	5	0.8	0.551361950084	1.90272390017
understood	5	1.0	1.0	3.0
harmony	5	1.4	0.8049844719	3.0099689438
proud	2	0.4	0.37947331922	1.15894663844
liberal	9	1.0	0.894427191	2.788854382
stronger	2	0.4	0.37947331922	1.15894663844
exist	3	0.8	0.551361950084	1.90272390017
claimants	3	0.2	0.3577708764	0.9155417528
power	27	8.8	7.19444229944	23.1888845989
republic	4	1.2	0.521536192416	2.24307238483
holding	1	0.2	0.3577708764	0.9155417528
unwilling	2	0.2	0.3577708764	0.9155417528
occasion	8	1.4	0.8	3.0
authorities	4	0.6	0.309838667697	1.21967733539
discharge	5	1.8	1.56971334963	4.93942669926
proposed	7	1.6	1.55434873822	4.70869747644
reception	2	0.2	0.3577708764	0.9155417528
undoubted	2	0.2	0.3577708764	0.9155417528
precedent	1	0.2	0.3577708764	0.9155417528
particular	8	1.0	0.632455532034	2.26491106407
passage	3	0.6	1.0733126292	2.7466252584
promoting	1	0.2	0.3577708764	0.9155417528
must	15	3.8	2.38159610346	8.56319220691
advantage	6	0.4	0.37947331922	1.15894663844
unavoidably	2	0.2	0.3577708764	0.9155417528
choice	3	0.6	0.309838667697	1.21967733539
fullest	1	0.2	0.3577708764	0.9155417528
presented	6	1.2	0.885437744847	2.97087548969
leave	10	0.8	0.551361950084	1.90272390017
participation	1	0.2	0.3577708764	0.9155417528
vicissitudes	1	0.2	0.3577708764	0.9155417528
accumulation	2	0.4	0.37947331922	1.15894663844
inconsistent	4	0.4	0.37947331922	1.15894663844
prevent	4	1.8	0.843800924389	3.48760184878
feeling	2	0.6	0.651152823844	1.90230564769
utter	1	0.2	0.3577708764	0.9155417528
appear	5	0.8	0.551361950084	1.90272390017
current	2	0.8	0.551361950084	1.90272390017
mr	1	0.2	0.3577708764	0.9155417528
entertain	2	0.2	0.3577708764	0.9155417528
separate	6	0.4	0.37947331922	1.15894663844
change	8	1.4	0.489897948557	2.37979589711
expressly	1	0.2	0.3577708764	0.9155417528
navigation	9	1.4	0.8049844719	3.0099689438
love	2	0.6	0.309838667697	1.21967733539
merely	1	0.2	0.3577708764	0.9155417528
prefer	1	0.2	0.3577708764	0.9155417528
bloody	1	0.2	0.3577708764	0.9155417528
prove	5	1.2	0.885437744847	2.97087548969
territories	2	0.6	0.651152823844	1.90230564769
cherished	1	0.2	0.3577708764	0.9155417528
unjust	1	0.2	0.3577708764	0.9155417528
preserving	2	0.2	0.3577708764	0.9155417528
afford	3	0.6	0.651152823844	1.90230564769
long	10	4.4	2.57681974535	9.55363949069
virtue	3	0.4	0.37947331922	1.15894663844
cases	3	1.0	0.894427191	2.788854382
reflections	2	0.4	0.37947331922	1.15894663844
modified	2	0.2	0.3577708764	0.9155417528
districts	1	0.2	0.3577708764	0.9155417528
can	40	13.4	8.86791971096	31.1358394219
making	7	1.0	1.0	3.0
arrive	1	0.2	0.3577708764	0.9155417528
slightest	1	0.2	0.3577708764	0.9155417528
allowed	9	0.4	0.7155417528	1.8310835056
discussion	2	0.4	0.37947331922	1.15894663844
range	1	0.2	0.3577708764	0.9155417528
vital	2	1.0	0.4472135955	1.894427191
influenced	1	0.2	0.3577708764	0.9155417528
sacrifice	2	0.4	0.37947331922	1.15894663844
steadily	2	0.8	0.551361950084	1.90272390017
designed	3	0.4	0.7155417528	1.8310835056
islands	3	0.6	1.0733126292	2.7466252584
such	47	12.6	8.82269800005	30.2453960001
man	7	0.4	0.37947331922	1.15894663844
ones	1	0.2	0.3577708764	0.9155417528
so	47	16.2	11.4437756007	39.0875512015
deceive	1	0.2	0.3577708764	0.9155417528
taking	2	0.2	0.3577708764	0.9155417528
representation	3	0.2	0.3577708764	0.9155417528
constituents	7	1.4	0.489897948557	2.37979589711
mainly	1	0.2	0.3577708764	0.9155417528
course	13	4.2	2.03960780544	8.27921561087
interesting	2	0.6	0.309838667697	1.21967733539
whole	12	4.2	3.13560201556	10.4712040311
within	17	3.6	1.68760184878	6.97520369756
thereby	3	0.4	0.7155417528	1.8310835056
views	11	1.4	0.8049844719	3.0099689438
liberality	2	0.4	0.37947331922	1.15894663844
boats	1	0.2	0.3577708764	0.9155417528
compelled	2	0.2	0.3577708764	0.9155417528
provision	5	2.0	1.09544511501	4.19089023002
nor	7	3.2	1.58492902049	6.36985804099
possess	3	0.6	0.309838667697	1.21967733539
entirely	5	1.2	0.521536192416	2.24307238483
directing	1	0.2	0.3577708764	0.9155417528
opened	2	0.6	0.309838667697	1.21967733539
3rd	2	0.4	0.7155417528	1.8310835056
increase	7	2.2	1.95550504985	6.11101009971
investigation	1	0.2	0.3577708764	0.9155417528
protected	1	0.2	0.3577708764	0.9155417528
assurance	3	0.2	0.3577708764	0.9155417528
attended	3	0.6	0.651152823844	1.90230564769
quite	1	0.2	0.3577708764	0.9155417528
unfriendly	1	0.2	0.3577708764	0.9155417528
besides	2	0.2	0.3577708764	0.9155417528
obligation	3	0.6	0.309838667697	1.21967733539
accommodation	1	0.2	0.3577708764	0.9155417528
patronage	3	0.2	0.3577708764	0.9155417528
advance	2	0.6	0.651152823844	1.90230564769
where	6	1.4	0.8	3.0
impose	2	0.4	0.7155417528	1.8310835056
british	10	2.2	1.19331471121	4.58662942243
place	9	2.2	1.26174482365	4.72348964729
impost	1	0.2	0.3577708764	0.9155417528
frequent	2	0.2	0.3577708764	0.9155417528
saving	3	0.2	0.3577708764	0.9155417528
legislation	9	1.8	1.73666346769	5.27332693537
one	32	6.0	4.19523539268	14.3904707854
directly	2	0.2	0.3577708764	0.9155417528
open	6	0.2	0.3577708764	0.9155417528
necessarily	5	1.4	0.8049844719	3.0099689438
district	3	0.4	0.37947331922	1.15894663844
utmost	2	0.2	0.3577708764	0.9155417528
that	202	86.8	54.4698081509	195.739616302
viewing	1	0.2	0.3577708764	0.9155417528
resulted	2	0.2	0.3577708764	0.9155417528
holder	1	0.2	0.3577708764	0.9155417528
than	35	9.8	6.61513416342	23.0302683268
population	10	1.0	0.894427191	2.788854382
13	1	0.2	0.3577708764	0.9155417528
respectability	1	0.2	0.3577708764	0.9155417528
and	456	201.6	103.528933154	408.657866308
argument	1	0.2	0.3577708764	0.9155417528
uninterrupted	2	0.4	0.7155417528	1.8310835056
themselves	10	3.4	1.8782971011	7.1565942022
occupied	4	0.2	0.3577708764	0.9155417528
repeatedly	1	0.2	0.3577708764	0.9155417528
interior	1	0.2	0.3577708764	0.9155417528
destroy	2	0.2	0.3577708764	0.9155417528
oppressive	1	0.2	0.3577708764	0.9155417528
price	3	0.2	0.3577708764	0.9155417528
services	2	0.6	0.309838667697	1.21967733539
steady	2	0.6	0.309838667697	1.21967733539
prepare	1	0.2	0.3577708764	0.9155417528
laws	11	4.2	1.95754948852	8.11509897704
definite	1	0.2	0.3577708764	0.9155417528
merit	2	0.2	0.3577708764	0.9155417528
representatives	9	3.4	1.74355957742	6.88711915483
russian	1	0.2	0.3577708764	0.9155417528
gratified	1	0.2	0.3577708764	0.9155417528
ground	5	0.8	0.75894663844	2.31789327688
explicitly	1	0.2	0.3577708764	0.9155417528
guarded	1	0.2	0.3577708764	0.9155417528
contracts	2	0.8	0.551361950084	1.90272390017
fortifications	3	0.6	0.651152823844	1.90230564769
rejection	1	0.2	0.3577708764	0.9155417528
objection	6	0.4	0.37947331922	1.15894663844
1825	2	0.4	0.37947331922	1.15894663844
miles	2	0.6	0.651152823844	1.90230564769
liable	2	0.4	0.37947331922	1.15894663844
through	10	3.8	2.20726074581	8.21452149162
seas	2	0.8	0.551361950084	1.90272390017
actively	1	0.2	0.3577708764	0.9155417528
between	19	6.4	4.40908153701	15.218163074
checks	1	0.2	0.3577708764	0.9155417528
arrival	3	0.6	0.651152823844	1.90230564769
gives	6	0.4	0.7155417528	1.8310835056
originated	2	0.2	0.3577708764	0.9155417528
regret	4	0.6	0.651152823844	1.90230564769
inseparable	1	0.2	0.3577708764	0.9155417528
rapidly	3	0.8	0.551361950084	1.90272390017
article	3	1.2	0.819756061277	2.83951212255
come	2	0.6	0.309838667697	1.21967733539
contract	1	0.2	0.3577708764	0.9155417528
susceptible	2	0.2	0.3577708764	0.9155417528
expended	2	0.2	0.3577708764	0.9155417528
expression	2	0.6	0.651152823844	1.90230564769
duty	23	6.2	6.36867333124	18.9373466625
among	7	2.4	1.01980390272	4.43960780544
impediments	1	0.2	0.3577708764	0.9155417528
insist	3	0.2	0.3577708764	0.9155417528
grants	2	0.2	0.3577708764	0.9155417528
moreover	2	0.6	0.651152823844	1.90230564769
better	6	1.0	0.4472135955	1.894427191
concede	1	0.2	0.3577708764	0.9155417528
motives	6	1.2	1.70176379089	4.60352758179
wants	2	0.6	0.651152823844	1.90230564769
direction	2	0.6	0.651152823844	1.90230564769
enable	4	1.6	0.726636084983	3.05327216997
offered	2	0.4	0.37947331922	1.15894663844
andrew	2	0.4	0.7155417528	1.8310835056
former	6	1.6	1.58996855315	4.7799371063
case	8	1.8	0.843800924389	3.48760184878
myself	6	1.2	0.521536192416	2.24307238483
these	30	9.6	5.49909083395	20.5981816679
single	2	0.4	0.7155417528	1.8310835056
cast	1	0.2	0.3577708764	0.9155417528
overcome	2	0.2	0.3577708764	0.9155417528
soil	2	0.2	0.3577708764	0.9155417528
sincere	2	0.8	0.551361950084	1.90272390017
embrace	2	0.2	0.3577708764	0.9155417528
minds	1	0.2	0.3577708764	0.9155417528
obnoxious	1	0.2	0.3577708764	0.9155417528
movements	1	0.2	0.3577708764	0.9155417528
different	9	2.4	0.8	4.0
author	1	0.2	0.3577708764	0.9155417528
pay	4	1.2	0.521536192416	2.24307238483
granted	3	0.6	0.651152823844	1.90230564769
inquiry	1	0.2	0.3577708764	0.9155417528
negotiations	3	0.8	0.1788854382	1.1577708764
extended	6	1.4	0.809938269253	3.01987653851
see	5	1.2	1.2585706178	3.71714123561
fruit	1	0.2	0.3577708764	0.9155417528
delicate	1	0.2	0.3577708764	0.9155417528
whose	8	3.6	2.15406592285	7.90813184571
largely	1	0.2	0.3577708764	0.9155417528
evils	6	1.6	1.27121988657	4.14243977313
very	9	2.2	1.26174482365	4.72348964729
otherwise	4	0.4	0.37947331922	1.15894663844
being	10	3.4	1.74355957742	6.88711915483
guided	1	0.2	0.3577708764	0.9155417528
unconstitutional	1	0.2	0.3577708764	0.9155417528
lavish	1	0.2	0.3577708764	0.9155417528
civilized	3	0.4	0.7155417528	1.8310835056
seems	1	0.2	0.3577708764	0.9155417528
extensive	8	0.8	0.551361950084	1.90272390017
real	3	0.6	0.309838667697	1.21967733539
early	5	2.4	1.21983605456	4.83967210912
earnest	3	0.8	0.551361950084	1.90272390017
served	2	0.2	0.3577708764	0.9155417528
satisfactory	7	2.2	0.748331477355	3.69666295471
porte	4	0.2	0.3577708764	0.9155417528
exposed	4	1.2	0.521536192416	2.24307238483
therefore	11	2.4	2.08230641357	6.56461282714
competition	1	0.2	0.3577708764	0.9155417528
calculated	7	0.6	1.0733126292	2.7466252584
prolific	1	0.2	0.3577708764	0.9155417528
confirm	2	0.4	0.37947331922	1.15894663844
footing	7	0.6	1.0733126292	2.7466252584
flourishing	1	0.2	0.3577708764	0.9155417528
refer	3	0.8	0.551361950084	1.90272390017
sensible	6	0.2	0.3577708764	0.9155417528
intrusted	5	0.2	0.3577708764	0.9155417528
industry	6	1.0	0.4472135955	1.894427191
violence	1	0.2	0.3577708764	0.9155417528
restoration	2	0.2	0.3577708764	0.9155417528
greatly	6	1.4	0.809938269253	3.01987653851
or	41	16.4	12.2572427568	40.9144855137
lands	9	1.2	1.13841995766	3.47683991532
secure	6	1.4	1.20664825032	3.81329650064
valuable	1	0.2	0.3577708764	0.9155417528
your	18	3.4	1.62480768093	6.64961536185
acquiesced	1	0.2	0.3577708764	0.9155417528
her	13	4.2	4.28672369065	12.7734473813
sides	1	0.2	0.3577708764	0.9155417528
strict	3	0.4	0.7155417528	1.8310835056
enough	1	0.2	0.3577708764	0.9155417528
land	5	1.2	1.70176379089	4.60352758179
with	126	58.6	24.1047713119	106.809542624
abuses	2	0.4	0.37947331922	1.15894663844
deliberation	2	0.4	0.37947331922	1.15894663844
am	12	2.6	2.26627447587	7.13254895175
deep	3	0.4	0.37947331922	1.15894663844
an	58	21.4	13.2604675634	47.9209351268
britain	15	2.2	0.979795897113	4.15959179423
deem	1	0.2	0.3577708764	0.9155417528
corresponding	4	0.6	0.651152823844	1.90230564769
again	8	1.2	0.521536192416	2.24307238483
receive	6	1.4	1.20664825032	3.81329650064
injurious	2	0.2	0.3577708764	0.9155417528
implied	1	0.2	0.3577708764	0.9155417528
endeavors	1	0.2	0.3577708764	0.9155417528
included	1	0.2	0.3577708764	0.9155417528
building	1	0.2	0.3577708764	0.9155417528
arsenals	1	0.2	0.3577708764	0.9155417528
passed	6	2.2	1.73896520954	5.67793041909
legislatures	1	0.2	0.3577708764	0.9155417528
stock	4	1.0	0.894427191	2.788854382
hands	2	0.6	0.651152823844	1.90230564769
higher	2	0.4	0.37947331922	1.15894663844
allowances	3	0.2	0.3577708764	0.9155417528
children	4	0.2	0.3577708764	0.9155417528
causes	5	1.6	1.58996855315	4.7799371063
repetition	1	0.2	0.3577708764	0.9155417528
re	1	0.2	0.3577708764	0.9155417528
provisions	8	1.6	0.903327183251	3.4066543665
removal	8	1.0	1.0	3.0
to	626	228.0	141.830885212	511.661770424
foster	3	0.6	1.0733126292	2.7466252584
present	23	9.4	4.45421149026	18.3084229805
enjoying	1	0.2	0.3577708764	0.9155417528
relieve	2	0.4	0.37947331922	1.15894663844
homes	3	0.4	0.7155417528	1.8310835056
far	13	2.8	1.93907194297	6.67814388593
induce	1	0.2	0.3577708764	0.9155417528
accompanying	2	0.4	0.37947331922	1.15894663844
yearly	1	0.2	0.3577708764	0.9155417528
adjust	1	0.2	0.3577708764	0.9155417528
indemnity	2	0.4	0.7155417528	1.8310835056
referred	7	1.2	0.4	2.0
withheld	1	0.2	0.3577708764	0.9155417528
past	7	2.6	1.88042548377	6.36085096753
what	13	5.2	3.37045990927	11.9409198185
stood	1	0.2	0.3577708764	0.9155417528
advantageous	1	0.2	0.3577708764	0.9155417528
full	5	2.4	1.21983605456	4.83967210912
inconsiderable	2	0.4	0.37947331922	1.15894663844
excess	1	0.2	0.3577708764	0.9155417528
strong	6	1.4	1.20332871652	3.80665743304
conviction	5	0.8	0.1788854382	1.1577708764
experience	8	2.2	1.16619037897	4.53238075794
members	1	0.2	0.3577708764	0.9155417528
put	5	0.8	0.987927122818	2.77585424564
readily	4	0.2	0.3577708764	0.9155417528
uniformity	1	0.2	0.3577708764	0.9155417528
vote	1	0.2	0.3577708764	0.9155417528
almost	7	1.0	0.894427191	2.788854382
6	2	0.4	0.37947331922	1.15894663844
injury	4	0.4	0.37947331922	1.15894663844
more	36	11.6	5.53534100124	22.6706820025
controlling	1	0.2	0.3577708764	0.9155417528
surface	1	0.2	0.3577708764	0.9155417528
objections	6	0.4	0.7155417528	1.8310835056
forbearance	2	0.6	0.651152823844	1.90230564769
unknown	3	0.4	0.37947331922	1.15894663844
suggestions	5	0.4	0.7155417528	1.8310835056
states	78	25.6	16.1567323429	57.9134646858
collision	1	0.2	0.3577708764	0.9155417528
numbers	2	0.2	0.3577708764	0.9155417528
cultivate	2	0.8	0.551361950084	1.90272390017
simple	4	0.4	0.37947331922	1.15894663844
court	3	0.4	0.37947331922	1.15894663844
rather	3	0.4	0.37947331922	1.15894663844
acts	8	2.0	1.26491106407	4.52982212813
mingle	2	0.4	0.37947331922	1.15894663844
extinguished	1	0.2	0.3577708764	0.9155417528
intended	4	1.2	0.885437744847	2.97087548969
derived	5	0.4	0.7155417528	1.8310835056
derives	2	0.2	0.3577708764	0.9155417528
a	241	94.4	53.5036447357	201.407289471
wishes	2	0.4	0.37947331922	1.15894663844
dread	1	0.2	0.3577708764	0.9155417528
pleasure	5	0.8	0.551361950084	1.90272390017
trade	13	3.4	2.87054001888	9.14108003776
same	21	6.6	5.4258639865	17.451727973
committed	4	1.4	0.8049844719	3.0099689438
existence	6	0.4	0.7155417528	1.8310835056
forthwith	2	0.2	0.3577708764	0.9155417528
individuals	6	1.2	0.819756061277	2.83951212255
might	12	4.8	2.67432234407	10.1486446881
good	17	3.6	1.68760184878	6.97520369756
return	6	2.6	0.489897948557	3.57979589711
prejudices	4	0.4	0.37947331922	1.15894663844
thereof	2	0.2	0.3577708764	0.9155417528
celerity	1	0.2	0.3577708764	0.9155417528
habits	2	0.2	0.3577708764	0.9155417528
friendship	4	1.0	0.4472135955	1.894427191
ports	6	1.2	1.70176379089	4.60352758179
characterized	3	0.4	0.7155417528	1.8310835056
embraced	1	0.2	0.3577708764	0.9155417528
short	3	0.8	0.551361950084	1.90272390017
house	6	2.4	1.35646599663	5.11293199325
energy	2	0.2	0.3577708764	0.9155417528
oppressed	2	0.2	0.3577708764	0.9155417528
expect	7	0.8	0.551361950084	1.90272390017
operation	11	2.2	2.29259678095	6.78519356189
beyond	8	1.4	1.20664825032	3.81329650064
race	3	0.2	0.3577708764	0.9155417528
health	2	0.4	0.37947331922	1.15894663844
induced	4	0.6	0.309838667697	1.21967733539
belief	2	0.4	0.37947331922	1.15894663844
circumstance	1	0.2	0.3577708764	0.9155417528
favored	3	0.4	0.37947331922	1.15894663844
upon	67	16.0	14.7377067416	45.4754134831
difficulty	4	1.4	0.49799598392	2.39599196784
reason	7	1.8	1.22963409192	4.25926818383
term	2	0.4	0.37947331922	1.15894663844
attendant	1	0.2	0.3577708764	0.9155417528
heroic	1	0.2	0.3577708764	0.9155417528
omit	1	0.2	0.3577708764	0.9155417528
success	4	1.6	0.963327566303	3.52665513261
conducted	3	0.8	0.551361950084	1.90272390017
prejudice	4	0.6	1.0733126292	2.7466252584
fallen	1	0.2	0.3577708764	0.9155417528
indebted	1	0.2	0.3577708764	0.9155417528
maritime	2	0.2	0.3577708764	0.9155417528
number	4	1.2	0.885437744847	2.97087548969
instances	2	0.6	0.651152823844	1.90230564769
enlarged	2	0.2	0.3577708764	0.9155417528
general	50	8.8	8.56504524215	25.9300904843
defects	1	0.2	0.3577708764	0.9155417528
contended	2	0.2	0.3577708764	0.9155417528
obligatory	1	0.2	0.3577708764	0.9155417528
together	4	0.8	0.1788854382	1.1577708764
least	4	1.4	0.8049844719	3.0099689438
master	1	0.2	0.3577708764	0.9155417528
majority	3	0.2	0.3577708764	0.9155417528
imperfect	1	0.2	0.3577708764	0.9155417528
relieved	1	0.2	0.3577708764	0.9155417528
immediate	6	2.2	1.09178752512	4.38357505023
favorable	6	1.8	0.843800924389	3.48760184878
convinced	2	0.2	0.3577708764	0.9155417528
annihilation	1	0.2	0.3577708764	0.9155417528
determined	2	0.2	0.3577708764	0.9155417528
temptations	2	0.2	0.3577708764	0.9155417528
alike	3	0.4	0.7155417528	1.8310835056
speaking	1	0.2	0.3577708764	0.9155417528
internal	7	2.4	1.2	4.8
inconvenience	2	0.4	0.37947331922	1.15894663844
most	24	7.2	3.81575680567	14.8315136113
plan	7	0.6	0.309838667697	1.21967733539
nothing	6	1.2	1.30230564769	3.80461129538
seasons	1	0.2	0.3577708764	0.9155417528
engagements	2	0.4	0.37947331922	1.15894663844
constitution	17	4.0	3.52136337233	11.0427267447
clear	4	0.4	0.7155417528	1.8310835056
part	28	6.4	2.0591260282	10.5182520564
charged	1	0.2	0.3577708764	0.9155417528
institutions	9	2.0	1.67332005307	5.34664010614
think	5	1.0	0.4472135955	1.894427191
particularly	4	1.2	0.819756061277	2.83951212255
relation	10	1.6	0.726636084983	3.05327216997
carefully	1	0.2	0.3577708764	0.9155417528
securing	2	0.6	0.651152823844	1.90230564769
find	2	0.2	0.3577708764	0.9155417528
dividing	1	0.2	0.3577708764	0.9155417528
less	6	2.8	1.46969384567	5.73938769134
indian	9	1.4	1.20664825032	3.81329650064
surveyed	1	0.2	0.3577708764	0.9155417528
his	23	8.8	6.36867333124	21.5373466625
express	4	0.4	0.7155417528	1.8310835056
remedy	3	0.2	0.3577708764	0.9155417528
adhered	2	0.8	0.551361950084	1.90272390017
him	15	2.4	2.51714123561	7.43428247122
merchandise	1	0.2	0.3577708764	0.9155417528
progressive	2	0.4	0.37947331922	1.15894663844
sacrifices	1	0.2	0.3577708764	0.9155417528
common	3	0.8	0.987927122818	2.77585424564
approaching	2	0.6	0.651152823844	1.90230564769
patriotism	5	1.4	0.49799598392	2.39599196784
intelligence	4	0.8	0.551361950084	1.90272390017
lessening	1	0.2	0.3577708764	0.9155417528
are	68	21.2	10.7591821251	42.7183642501
sea	4	0.8	0.551361950084	1.90272390017
comfort	1	0.2	0.3577708764	0.9155417528
tolls	1	0.2	0.3577708764	0.9155417528
conditions	3	0.4	0.7155417528	1.8310835056
supposed	6	1.2	1.70176379089	4.60352758179
candor	1	0.2	0.3577708764	0.9155417528
attention	18	5.6	4.84148737476	15.2829747495
incident	2	0.6	0.309838667697	1.21967733539
diminution	1	0.2	0.3577708764	0.9155417528
understanding	3	1.0	0.894427191	2.788854382
improved	1	0.2	0.3577708764	0.9155417528
appropriations	14	3.2	2.71293199325	8.6258639865
connection	2	0.8	0.551361950084	1.90272390017
forgotten	1	0.2	0.3577708764	0.9155417528
mean	5	0.8	0.551361950084	1.90272390017
approve	2	0.2	0.3577708764	0.9155417528
distress	1	0.2	0.3577708764	0.9155417528
improper	1	0.2	0.3577708764	0.9155417528
tennessee	1	0.2	0.3577708764	0.9155417528
agents	3	1.0	0.894427191	2.788854382
raise	1	0.2	0.3577708764	0.9155417528
strengthen	2	0.6	0.651152823844	1.90230564769
territory	5	2.0	1.41421356237	4.82842712475
firm	2	0.8	0.551361950084	1.90272390017
wish	5	0.4	0.37947331922	1.15894663844
fund	4	0.6	0.651152823844	1.90230564769
moderation	4	0.8	0.551361950084	1.90272390017
demand	3	1.2	0.885437744847	2.97087548969
prices	1	0.2	0.3577708764	0.9155417528
towns	1	0.2	0.3577708764	0.9155417528
surveys	3	0.2	0.3577708764	0.9155417528
elections	1	0.2	0.3577708764	0.9155417528
while	7	2.6	1.35646599663	5.31293199325
ought	5	1.0	0.632455532034	2.26491106407
century	1	0.2	0.3577708764	0.9155417528
comport	1	0.2	0.3577708764	0.9155417528
itself	7	2.6	1.6994116629	5.9988233258
confining	2	0.2	0.3577708764	0.9155417528
ready	3	0.4	0.37947331922	1.15894663844
unanimity	3	0.2	0.3577708764	0.9155417528
increased	8	0.8	0.987927122818	2.77585424564
fate	1	0.2	0.3577708764	0.9155417528
seek	3	0.2	0.3577708764	0.9155417528
prescribe	1	0.2	0.3577708764	0.9155417528
moment	3	1.2	0.885437744847	2.97087548969
predecessors	1	0.2	0.3577708764	0.9155417528
task	1	0.2	0.3577708764	0.9155417528
herewith	2	0.4	0.37947331922	1.15894663844
sacred	2	0.6	0.651152823844	1.90230564769
entry	1	0.2	0.3577708764	0.9155417528
things	5	1.0	0.632455532034	2.26491106407
scrupulous	2	0.2	0.3577708764	0.9155417528
useful	3	1.0	0.894427191	2.788854382
alternative	1	0.2	0.3577708764	0.9155417528
accepted	2	0.6	0.651152823844	1.90230564769
source	5	2.0	1.09544511501	4.19089023002
subjects	7	2.6	1.62480768093	5.84961536185
excited	1	0.2	0.3577708764	0.9155417528
useless	1	0.2	0.3577708764	0.9155417528
demands	2	0.8	0.551361950084	1.90272390017
condemnation	1	0.2	0.3577708764	0.9155417528
private	8	0.8	0.551361950084	1.90272390017
sincerely	3	0.6	0.309838667697	1.21967733539
incidental	1	0.2	0.3577708764	0.9155417528
austria	2	0.4	0.37947331922	1.15894663844
heart	2	0.2	0.3577708764	0.9155417528
continue	4	2.0	0.894427191	3.788854382
indication	1	0.2	0.3577708764	0.9155417528
tribes	7	1.2	0.619677335393	2.43935467079
essential	5	1.0	0.0	1.0
often	1	0.2	0.3577708764	0.9155417528
irritation	1	0.2	0.3577708764	0.9155417528
admitted	3	1.2	0.619677335393	2.43935467079
providence	1	0.2	0.3577708764	0.9155417528
civilization	2	0.4	0.37947331922	1.15894663844
prosecuted	1	0.2	0.3577708764	0.9155417528
tends	1	0.2	0.3577708764	0.9155417528
augmenting	1	0.2	0.3577708764	0.9155417528
be	208	71.6	42.9632401013	157.526480203
relating	2	1.0	0.4472135955	1.894427191
by	154	66.0	39.9199198396	145.839839679
positive	1	0.2	0.3577708764	0.9155417528
consequently	5	0.2	0.3577708764	0.9155417528
repair	1	0.2	0.3577708764	0.9155417528
ultimately	2	0.8	0.551361950084	1.90272390017
plenty	1	0.2	0.3577708764	0.9155417528
conquest	1	0.2	0.3577708764	0.9155417528
appropriate	4	0.2	0.3577708764	0.9155417528
canal	5	0.4	0.7155417528	1.8310835056
question	8	2.0	1.8973665961	5.7947331922
custom	1	0.2	0.3577708764	0.9155417528
occupy	2	0.2	0.3577708764	0.9155417528
redressing	1	0.2	0.3577708764	0.9155417528
withholding	2	0.2	0.3577708764	0.9155417528
elsewhere	1	0.2	0.3577708764	0.9155417528
adjusting	1	0.2	0.3577708764	0.9155417528
hopes	2	0.6	0.651152823844	1.90230564769
patriot	1	0.2	0.3577708764	0.9155417528
characteristic	1	0.2	0.3577708764	0.9155417528
us	14	5.6	3.82622529394	13.2524505879
time	30	8.8	7.93473376995	24.6694675399
mature	3	0.2	0.3577708764	0.9155417528
enjoins	1	0.2	0.3577708764	0.9155417528
defined	1	0.2	0.3577708764	0.9155417528
influence	14	1.6	1.51789327688	4.63578655376
work	4	0.8	0.75894663844	2.31789327688
amounts	1	0.2	0.3577708764	0.9155417528
application	5	1.0	1.0	3.0
urged	2	0.6	0.651152823844	1.90230564769
departments	3	1.0	0.894427191	2.788854382
dispassionate	1	0.2	0.3577708764	0.9155417528
go	2	0.4	0.37947331922	1.15894663844
adjustment	6	2.2	1.67092788594	5.54185577187
stable	1	0.2	0.3577708764	0.9155417528
propriety	5	0.6	0.651152823844	1.90230564769
reserved	3	0.4	0.7155417528	1.8310835056
entire	4	0.4	0.37947331922	1.15894663844
notes	1	0.2	0.3577708764	0.9155417528
concluded	3	1.2	0.819756061277	2.83951212255
participate	1	0.2	0.3577708764	0.9155417528
giving	4	1.2	1.2585706178	3.71714123561
expressed	3	0.6	0.651152823844	1.90230564769
inconveniences	2	0.2	0.3577708764	0.9155417528
experiment	1	0.2	0.3577708764	0.9155417528
exercise	10	1.6	1.2	4.0
body	6	1.2	1.70176379089	4.60352758179
advantageously	2	0.4	0.37947331922	1.15894663844
led	1	0.2	0.3577708764	0.9155417528
degree	8	2.2	1.93907194297	6.07814388593
exchange	5	0.8	1.4310835056	3.6621670112
highly	6	0.4	0.7155417528	1.8310835056
desired	2	0.4	0.37947331922	1.15894663844
objects	17	2.4	1.8547236991	6.1094473982
meet	5	1.4	1.20664825032	3.81329650064
consideration	16	3.2	1.93907194297	7.07814388593
settling	1	0.2	0.3577708764	0.9155417528
great	36	13.8	8.32826512546	30.4565302509
burthens	2	0.4	0.7155417528	1.8310835056
30	1	0.2	0.3577708764	0.9155417528
leaving	3	0.2	0.3577708764	0.9155417528
resulting	2	0.2	0.3577708764	0.9155417528
principally	1	0.2	0.3577708764	0.9155417528
opinion	8	2.8	1.94730583114	6.69461166228
composed	1	0.2	0.3577708764	0.9155417528
danger	5	1.0	0.4472135955	1.894427191
presidents	1	0.2	0.3577708764	0.9155417528
home	3	1.0	0.632455532034	2.26491106407
issuing	1	0.2	0.3577708764	0.9155417528
confidence	10	2.4	0.829457654133	4.05891530827
from	93	34.6	19.6224361383	73.8448722765
few	7	2.0	1.788854382	5.577708764
doubt	6	1.2	1.2585706178	3.71714123561
manufactures	3	1.0	0.4472135955	1.894427191
means	14	3.0	1.26491106407	5.52982212813
becomes	5	0.2	0.3577708764	0.9155417528
impress	1	0.2	0.3577708764	0.9155417528
carrying	2	0.8	0.551361950084	1.90272390017
gladly	1	0.2	0.3577708764	0.9155417528
high	7	1.4	1.36528385327	4.13056770654
account	7	0.6	0.309838667697	1.21967733539
this	98	32.6	22.4196342521	77.4392685043
obvious	5	1.0	0.894427191	2.788854382
of	891	380.6	205.703281452	792.006562903
fulfill	1	0.2	0.3577708764	0.9155417528
control	5	1.2	1.30230564769	3.80461129538
sought	1	0.2	0.3577708764	0.9155417528
pure	1	0.2	0.3577708764	0.9155417528
protect	1	0.2	0.3577708764	0.9155417528
arrangement	5	1.0	0.632455532034	2.26491106407
delay	3	0.6	0.309838667697	1.21967733539
numerous	2	0.8	0.551361950084	1.90272390017
attachment	2	0.6	0.651152823844	1.90230564769
those	43	15.8	10.851727973	37.503455946
weaken	1	0.2	0.3577708764	0.9155417528
establishment	9	2.4	1.5126136321	5.42522726419
light	7	1.0	0.4472135955	1.894427191
counter	1	0.2	0.3577708764	0.9155417528
interrupted	1	0.2	0.3577708764	0.9155417528
fortunately	1	0.2	0.3577708764	0.9155417528
courage	1	0.2	0.3577708764	0.9155417528
allow	2	0.2	0.3577708764	0.9155417528
secured	4	0.4	0.37947331922	1.15894663844
furnish	1	0.2	0.3577708764	0.9155417528
sanctioned	3	0.2	0.3577708764	0.9155417528
produces	1	0.2	0.3577708764	0.9155417528
produced	5	1.8	1.43666279969	4.67332559937
decay	2	0.2	0.3577708764	0.9155417528
degrees	1	0.2	0.3577708764	0.9155417528
choose	1	0.2	0.3577708764	0.9155417528
criminal	1	0.2	0.3577708764	0.9155417528
material	3	0.4	0.37947331922	1.15894663844
mention	1	0.2	0.3577708764	0.9155417528
ambition	1	0.2	0.3577708764	0.9155417528
mode	6	0.2	0.3577708764	0.9155417528
truth	2	1.0	0.4472135955	1.894427191
bills	7	0.8	1.4310835056	3.6621670112
promises	3	0.2	0.3577708764	0.9155417528
doing	4	0.2	0.3577708764	0.9155417528
parties	5	1.4	0.8049844719	3.0099689438
remove	3	0.8	0.987927122818	2.77585424564
respects	4	0.8	0.75894663844	2.31789327688
sovereign	2	0.4	0.7155417528	1.8310835056
sentiment	3	0.6	0.651152823844	1.90230564769
frontier	3	1.2	0.521536192416	2.24307238483
wholly	4	0.2	0.3577708764	0.9155417528
settlement	5	1.2	0.885437744847	2.97087548969
may	43	17.2	8.97552226893	35.1510445379
cause	9	2.6	0.942337519151	4.4846750383
announced	3	0.4	0.7155417528	1.8310835056
frank	1	0.2	0.3577708764	0.9155417528
recommendations	1	0.2	0.3577708764	0.9155417528
completely	1	0.2	0.3577708764	0.9155417528
receipts	3	1.8	0.558569601751	2.9171392035
river	3	0.6	0.651152823844	1.90230564769
organic	1	0.2	0.3577708764	0.9155417528
determining	1	0.2	0.3577708764	0.9155417528
keep	3	0.2	0.3577708764	0.9155417528
length	1	0.2	0.3577708764	0.9155417528
removing	4	0.8	0.987927122818	2.77585424564
stimulate	1	0.2	0.3577708764	0.9155417528
south	3	0.6	1.0733126292	2.7466252584
possessing	1	0.2	0.3577708764	0.9155417528
alleged	1	0.2	0.3577708764	0.9155417528
improvements	16	1.8	0.843800924389	3.48760184878
ancient	1	0.2	0.3577708764	0.9155417528
system	18	7.8	4.93882577138	17.6776515428
adopted	6	1.8	1.1242775458	4.04855509161
their	98	37.6	18.1394597494	73.8789194988
acquiescence	4	0.4	0.7155417528	1.8310835056
painful	3	0.4	0.37947331922	1.15894663844
interests	27	7.2	4.44522215418	16.0904443084
too	9	2.4	1.5126136321	5.42522726419
manifestation	1	0.2	0.3577708764	0.9155417528
uniform	2	0.2	0.3577708764	0.9155417528
distinguishes	1	0.2	0.3577708764	0.9155417528
beg	2	0.2	0.3577708764	0.9155417528
limiting	1	0.2	0.3577708764	0.9155417528
compensation	4	0.6	0.651152823844	1.90230564769
devotion	1	0.2	0.3577708764	0.9155417528
descriptions	1	0.2	0.3577708764	0.9155417528
surrendered	1	0.2	0.3577708764	0.9155417528
have	110	53.6	22.7385135838	99.0770271676
complete	2	0.6	0.651152823844	1.90230564769
agency	5	0.8	0.75894663844	2.31789327688
able	3	0.8	0.551361950084	1.90272390017
arm	1	0.2	0.3577708764	0.9155417528
instance	3	0.4	0.37947331922	1.15894663844
concerns	4	1.6	1.10272390017	3.80544780033
which	201	76.6	42.598591526	161.797183052
savages	1	0.2	0.3577708764	0.9155417528
unless	4	1.2	1.2585706178	3.71714123561
intentions	2	0.4	0.37947331922	1.15894663844
probable	4	0.6	0.651152823844	1.90230564769
consequences	8	1.6	1.58996855315	4.7799371063
neighboring	2	0.2	0.3577708764	0.9155417528
looked	2	0.4	0.7155417528	1.8310835056
exclusive	2	0.6	0.651152823844	1.90230564769
agreed	1	0.2	0.3577708764	0.9155417528
fear	4	0.6	1.0733126292	2.7466252584
based	1	0.2	0.3577708764	0.9155417528
should	37	9.2	6.61513416342	22.4302683268
partially	1	0.2	0.3577708764	0.9155417528
local	13	0.6	0.309838667697	1.21967733539
hope	8	3.0	1.48323969742	5.96647939484
improvident	2	0.2	0.3577708764	0.9155417528
bear	1	0.2	0.3577708764	0.9155417528
drawn	2	0.4	0.7155417528	1.8310835056
following	2	0.2	0.3577708764	0.9155417528
denmark	1	0.2	0.3577708764	0.9155417528
calling	1	0.2	0.3577708764	0.9155417528
fixed	4	0.4	0.37947331922	1.15894663844
view	10	2.4	0.8	4.0
exists	2	0.6	0.309838667697	1.21967733539
merits	2	0.6	0.309838667697	1.21967733539
favor	4	0.8	0.551361950084	1.90272390017
state	35	11.2	3.81575680567	18.8315136113
injustice	3	0.2	0.3577708764	0.9155417528
importance	14	2.2	2.24142811618	6.68285623236
precious	1	0.2	0.3577708764	0.9155417528
restrictions	1	0.2	0.3577708764	0.9155417528
limits	6	1.4	0.49799598392	2.39599196784
invited	2	0.2	0.3577708764	0.9155417528
thence	1	0.2	0.3577708764	0.9155417528
fulfilled	1	0.2	0.3577708764	0.9155417528
admit	4	1.0	1.0	3.0
grounds	3	0.6	0.651152823844	1.90230564769
adjusted	2	0.6	0.651152823844	1.90230564769
respect	9	3.4	2.57681974535	8.55363949069
addition	3	0.8	0.551361950084	1.90272390017
suggested	2	0.4	0.7155417528	1.8310835056
powerful	6	0.8	0.551361950084	1.90272390017
sufficient	4	2.0	0.894427191	3.788854382
expenditure	5	1.0	0.632455532034	2.26491106407
last	19	9.6	3.06724632203	15.7344926441
fellow	6	2.6	0.8	4.2
arisen	2	0.4	0.7155417528	1.8310835056
prospect	2	0.6	0.651152823844	1.90230564769
appearance	1	0.2	0.3577708764	0.9155417528
as	131	41.8	25.6468321631	93.0936643261
will	72	31.6	14.5684590812	60.7369181624
apprehend	2	0.6	0.651152823844	1.90230564769
thus	12	4.6	3.46525612329	11.5305122466
encouragement	2	0.6	0.651152823844	1.90230564769
arrangements	2	0.6	0.309838667697	1.21967733539
unite	3	0.2	0.3577708764	0.9155417528
member	2	0.4	0.37947331922	1.15894663844
parts	4	0.6	0.651152823844	1.90230564769
conflicting	1	0.2	0.3577708764	0.9155417528
practice	6	0.4	0.37947331922	1.15894663844
columbia	1	0.2	0.3577708764	0.9155417528
selfish	1	0.2	0.3577708764	0.9155417528
effect	12	4.6	2.41660919472	9.43321838944
nation	8	2.6	1.44499134946	5.48998269891
insure	1	0.2	0.3577708764	0.9155417528
correspondent	1	0.2	0.3577708764	0.9155417528
reflection	3	0.4	0.37947331922	1.15894663844
warranted	2	0.4	0.37947331922	1.15894663844
i	93	23.4	14.7864803114	52.9729606228
well	14	4.8	2.4819347292	9.7638694584
she	3	0.4	0.7155417528	1.8310835056
arising	3	0.8	0.987927122818	2.77585424564
mistaken	1	0.2	0.3577708764	0.9155417528
not	98	33.2	23.5236051659	80.2472103318
rest	3	0.2	0.3577708764	0.9155417528
generous	2	0.6	0.651152823844	1.90230564769
sublime	2	0.2	0.3577708764	0.9155417528
supply	2	0.4	0.37947331922	1.15894663844
add	4	1.6	0.726636084983	3.05327216997
adoption	9	1.4	1.629723903	4.65944780599
exempt	2	0.2	0.3577708764	0.9155417528
earnestly	3	0.8	0.551361950084	1.90272390017
confederacy	5	0.4	0.37947331922	1.15894663844
definitive	1	0.2	0.3577708764	0.9155417528
devised	1	0.2	0.3577708764	0.9155417528
like	6	1.2	1.2585706178	3.71714123561
perpetual	2	0.2	0.3577708764	0.9155417528
amendment	3	1.2	0.819756061277	2.83951212255
because	3	0.4	0.37947331922	1.15894663844
authority	9	2.4	2.66232980677	7.72465961353
growth	1	0.2	0.3577708764	0.9155417528
recommendation	2	0.6	0.651152823844	1.90230564769
empire	1	0.2	0.3577708764	0.9155417528
lead	4	0.2	0.3577708764	0.9155417528
avoid	4	1.6	1.10272390017	3.80544780033
does	12	0.4	0.37947331922	1.15894663844
discretion	2	0.4	0.7155417528	1.8310835056
although	8	2.8	1.94730583114	6.69461166228
worthy	4	0.2	0.3577708764	0.9155417528
imaginary	1	0.2	0.3577708764	0.9155417528
stage	2	0.2	0.3577708764	0.9155417528
extension	2	0.2	0.3577708764	0.9155417528
certainty	2	0.6	0.651152823844	1.90230564769
guard	2	0.4	0.7155417528	1.8310835056
roads	2	0.4	0.37947331922	1.15894663844
quiet	1	0.2	0.3577708764	0.9155417528
doubtless	7	0.2	0.3577708764	0.9155417528
mississippi	4	1.0	0.632455532034	2.26491106407
support	6	1.0	1.0	3.0
funds	12	0.8	0.987927122818	2.77585424564
but	44	11.8	9.70360757657	31.2072151531
remote	3	0.6	0.309838667697	1.21967733539
highest	5	0.8	0.987927122818	2.77585424564
constitute	3	0.4	0.37947331922	1.15894663844
disbursement	1	0.2	0.3577708764	0.9155417528
whether	8	2.8	1.48054044187	5.76108088373
placed	9	1.4	1.02761860629	3.45523721259
distribution	7	0.8	0.987927122818	2.77585424564
periods	1	0.2	0.3577708764	0.9155417528
our	125	53.0	20.4254742907	93.8509485814
effected	6	0.8	0.551361950084	1.90272390017
mutual	7	1.4	0.809938269253	3.01987653851
eastern	2	0.4	0.7155417528	1.8310835056
detail	2	0.4	0.7155417528	1.8310835056
other	26	12.0	6.09918027279	24.1983605456
behold	1	0.2	0.3577708764	0.9155417528
conclusion	4	1.2	0.885437744847	2.97087548969
kinds	1	0.2	0.3577708764	0.9155417528
jackson	2	0.4	0.7155417528	1.8310835056
incurred	3	1.2	0.885437744847	2.97087548969
extinguishing	1	0.2	0.3577708764	0.9155417528
interposed	1	0.2	0.3577708764	0.9155417528
rule	7	0.4	0.37947331922	1.15894663844
