looking	1	0.2	0.3577708764	0.9155417528
adverting	1	0.2	0.3577708764	0.9155417528
misunderstanding	1	0.2	0.3577708764	0.9155417528
disturb	1	0.2	0.3577708764	0.9155417528
expanded	1	0.2	0.3577708764	0.9155417528
persuade	1	0.2	0.3577708764	0.9155417528
relieving	1	0.2	0.3577708764	0.9155417528
contributed	1	0.2	0.3577708764	0.9155417528
consequent	2	0.8	0.551361950084	1.90272390017
china	3	0.2	0.3577708764	0.9155417528
100	1	0.2	0.3577708764	0.9155417528
rests	3	0.4	0.37947331922	1.15894663844
envoy	1	0.2	0.3577708764	0.9155417528
credit	7	0.6	1.0733126292	2.7466252584
depreciated	2	0.2	0.3577708764	0.9155417528
permit	2	0.4	0.37947331922	1.15894663844
postponed	1	0.2	0.3577708764	0.9155417528
calm	1	0.2	0.3577708764	0.9155417528
recommend	4	0.8	0.75894663844	2.31789327688
remark	3	0.2	0.3577708764	0.9155417528
berlin	1	0.2	0.3577708764	0.9155417528
entertained	3	1.2	0.619677335393	2.43935467079
currency	10	0.8	0.987927122818	2.77585424564
advancing	2	0.2	0.3577708764	0.9155417528
inhabitants	2	0.4	0.37947331922	1.15894663844
shores	1	0.2	0.3577708764	0.9155417528
lay	1	0.2	0.3577708764	0.9155417528
destined	2	0.4	0.7155417528	1.8310835056
attempt	2	0.8	0.551361950084	1.90272390017
order	6	1.0	0.4472135955	1.894427191
operations	8	2.0	1.09544511501	4.19089023002
executed	1	0.2	0.3577708764	0.9155417528
fit	2	0.2	0.3577708764	0.9155417528
heretofore	7	1.8	1.1242775458	4.04855509161
expectations	1	0.2	0.3577708764	0.9155417528
interrupt	2	0.2	0.3577708764	0.9155417528
silver	4	0.2	0.3577708764	0.9155417528
off	3	0.6	0.309838667697	1.21967733539
averse	1	0.2	0.3577708764	0.9155417528
preceded	2	0.2	0.3577708764	0.9155417528
irritation	2	0.4	0.37947331922	1.15894663844
independent	4	1.2	0.885437744847	2.97087548969
train	1	0.2	0.3577708764	0.9155417528
decree	3	0.2	0.3577708764	0.9155417528
encourage	1	0.2	0.3577708764	0.9155417528
foundation	2	0.4	0.7155417528	1.8310835056
admits	1	0.2	0.3577708764	0.9155417528
bestow	1	0.2	0.3577708764	0.9155417528
crowned	1	0.2	0.3577708764	0.9155417528
spread	2	0.4	0.7155417528	1.8310835056
created	2	0.6	0.651152823844	1.90230564769
renew	2	0.2	0.3577708764	0.9155417528
revival	1	0.2	0.3577708764	0.9155417528
reimbursed	1	0.2	0.3577708764	0.9155417528
compromise	2	0.4	0.7155417528	1.8310835056
murder	1	0.2	0.3577708764	0.9155417528
happily	4	0.4	0.7155417528	1.8310835056
nominal	1	0.2	0.3577708764	0.9155417528
feeling	2	0.6	0.651152823844	1.90230564769
notwithstanding	1	0.2	0.3577708764	0.9155417528
obviously	3	0.2	0.3577708764	0.9155417528
qualities	1	0.2	0.3577708764	0.9155417528
reimbursement	1	0.2	0.3577708764	0.9155417528
possesses	1	0.2	0.3577708764	0.9155417528
inspire	1	0.2	0.3577708764	0.9155417528
ending	1	0.2	0.3577708764	0.9155417528
earth	4	0.8	0.551361950084	1.90272390017
preferred	1	0.2	0.3577708764	0.9155417528
altogether	1	0.2	0.3577708764	0.9155417528
happiest	1	0.2	0.3577708764	0.9155417528
countries	12	2.8	2.32894826048	7.45789652096
anxiously	1	0.2	0.3577708764	0.9155417528
bay	2	0.6	0.651152823844	1.90230564769
secretary	7	2.8	1.73896520954	6.27793041909
expediency	1	0.2	0.3577708764	0.9155417528
said	1	0.2	0.3577708764	0.9155417528
approach	2	0.2	0.3577708764	0.9155417528
men	5	1.6	1.10272390017	3.80544780033
wider	1	0.2	0.3577708764	0.9155417528
life	1	0.2	0.3577708764	0.9155417528
sufferings	1	0.2	0.3577708764	0.9155417528
chili	1	0.2	0.3577708764	0.9155417528
balance	3	1.0	0.894427191	2.788854382
mexico	20	2.2	1.49130815058	5.18261630117
grown	2	0.2	0.3577708764	0.9155417528
swell	1	0.2	0.3577708764	0.9155417528
greatest	3	1.2	0.885437744847	2.97087548969
foreigners	1	0.2	0.3577708764	0.9155417528
previous	3	1.4	0.489897948557	2.37979589711
adding	1	0.2	0.3577708764	0.9155417528
regarded	8	2.0	1.67332005307	5.34664010614
advanced	2	0.6	0.651152823844	1.90230564769
apart	1	0.2	0.3577708764	0.9155417528
regiment	1	0.2	0.3577708764	0.9155417528
easy	1	0.2	0.3577708764	0.9155417528
escape	1	0.2	0.3577708764	0.9155417528
repeated	1	0.2	0.3577708764	0.9155417528
congratulate	1	0.2	0.3577708764	0.9155417528
payment	5	1.4	1.20664825032	3.81329650064
permitted	3	0.4	0.37947331922	1.15894663844
transmission	2	0.2	0.3577708764	0.9155417528
bound	1	0.2	0.3577708764	0.9155417528
magazines	1	0.2	0.3577708764	0.9155417528
furnishing	2	0.2	0.3577708764	0.9155417528
existed	4	0.8	1.4310835056	3.6621670112
spring	1	0.2	0.3577708764	0.9155417528
war	16	4.6	2.8	10.2
head	1	0.2	0.3577708764	0.9155417528
form	5	2.2	1.09178752512	4.38357505023
becoming	2	0.4	0.7155417528	1.8310835056
sustained	5	1.6	1.10272390017	3.80544780033
continuance	3	1.2	0.521536192416	2.24307238483
attached	1	0.2	0.3577708764	0.9155417528
later	1	0.2	0.3577708764	0.9155417528
up	8	1.2	0.619677335393	2.43935467079
exist	3	1.2	0.885437744847	2.97087548969
republic	6	1.6	1.15238882327	3.90477764654
longer	3	0.8	0.551361950084	1.90272390017
restored	2	0.6	0.309838667697	1.21967733539
depend	1	0.2	0.3577708764	0.9155417528
signally	1	0.2	0.3577708764	0.9155417528
current	3	0.8	0.551361950084	1.90272390017
amounting	1	0.2	0.3577708764	0.9155417528
explosion	1	0.2	0.3577708764	0.9155417528
lakes	2	0.4	0.37947331922	1.15894663844
redemption	3	0.2	0.3577708764	0.9155417528
trial	1	0.2	0.3577708764	0.9155417528
suggestion	1	0.2	0.3577708764	0.9155417528
undergone	2	0.2	0.3577708764	0.9155417528
visit	1	0.2	0.3577708764	0.9155417528
whatever	4	1.2	0.885437744847	2.97087548969
cases	6	1.0	0.894427191	2.788854382
effort	2	0.6	0.651152823844	1.90230564769
tobacco	1	0.2	0.3577708764	0.9155417528
modified	3	0.6	0.651152823844	1.90230564769
specie	4	0.6	0.651152823844	1.90230564769
claim	9	0.8	0.987927122818	2.77585424564
discussion	2	0.8	0.551361950084	1.90272390017
sacrifice	4	0.6	0.651152823844	1.90230564769
representations	3	0.2	0.3577708764	0.9155417528
save	1	0.2	0.3577708764	0.9155417528
years	14	4.0	2.2803508502	8.5607017004
experiments	1	0.2	0.3577708764	0.9155417528
1833	2	0.2	0.3577708764	0.9155417528
1836	1	0.2	0.3577708764	0.9155417528
forms	1	0.2	0.3577708764	0.9155417528
texas	8	0.2	0.3577708764	0.9155417528
thereby	5	1.0	1.0	3.0
entering	1	0.2	0.3577708764	0.9155417528
interference	2	0.6	0.651152823844	1.90230564769
increase	8	2.4	2.26627447587	6.93254895175
attended	8	0.8	0.987927122818	2.77585424564
quite	2	0.4	0.37947331922	1.15894663844
care	2	0.6	0.651152823844	1.90230564769
advance	2	0.6	0.651152823844	1.90230564769
contemplation	1	0.2	0.3577708764	0.9155417528
origin	2	0.4	0.7155417528	1.8310835056
corporations	1	0.2	0.3577708764	0.9155417528
stocks	3	0.2	0.3577708764	0.9155417528
convention	3	0.8	0.987927122818	2.77585424564
18	1	0.2	0.3577708764	0.9155417528
prohibit	1	0.2	0.3577708764	0.9155417528
fruits	2	0.4	0.37947331922	1.15894663844
remained	3	0.4	0.7155417528	1.8310835056
medium	2	0.4	0.37947331922	1.15894663844
instructed	2	0.8	0.551361950084	1.90272390017
take	3	0.8	0.551361950084	1.90272390017
forming	2	0.4	0.7155417528	1.8310835056
ultimate	3	0.4	0.37947331922	1.15894663844
paid	4	1.4	0.809938269253	3.01987653851
especially	3	1.4	0.49799598392	2.39599196784
sale	1	0.2	0.3577708764	0.9155417528
subsequent	1	0.2	0.3577708764	0.9155417528
threatened	2	0.6	0.651152823844	1.90230564769
show	2	0.2	0.3577708764	0.9155417528
pacific	2	0.4	0.37947331922	1.15894663844
crime	1	0.2	0.3577708764	0.9155417528
suggest	1	0.2	0.3577708764	0.9155417528
between	21	7.6	6.40624695122	20.4124939024
notice	1	0.2	0.3577708764	0.9155417528
come	2	0.8	0.551361950084	1.90272390017
embarrassment	2	0.6	0.651152823844	1.90230564769
s	4	1.0	0.632455532034	2.26491106407
holders	1	0.2	0.3577708764	0.9155417528
expression	2	0.6	0.651152823844	1.90230564769
arts	2	0.2	0.3577708764	0.9155417528
suppressed	1	0.2	0.3577708764	0.9155417528
territorial	2	0.4	0.7155417528	1.8310835056
combined	1	0.2	0.3577708764	0.9155417528
dangers	2	0.8	0.551361950084	1.90272390017
enable	4	1.8	1.05451410612	3.90902821223
offered	2	0.6	0.651152823844	1.90230564769
declaration	1	0.2	0.3577708764	0.9155417528
case	8	2.8	2.4883729624	7.7767459248
engaged	4	1.2	0.521536192416	2.24307238483
obnoxious	1	0.2	0.3577708764	0.9155417528
ship	1	0.2	0.3577708764	0.9155417528
relief	3	0.4	0.37947331922	1.15894663844
termination	3	0.6	0.309838667697	1.21967733539
disbursing	1	0.2	0.3577708764	0.9155417528
4	2	0.8	0.551361950084	1.90272390017
heightened	1	0.2	0.3577708764	0.9155417528
revision	1	0.2	0.3577708764	0.9155417528
calculated	7	1.4	2.5043961348	6.4087922696
pursuance	2	0.4	0.7155417528	1.8310835056
husbandman	1	0.2	0.3577708764	0.9155417528
refer	3	1.2	0.885437744847	2.97087548969
communicate	1	0.2	0.3577708764	0.9155417528
throw	1	0.2	0.3577708764	0.9155417528
conducting	1	0.2	0.3577708764	0.9155417528
mutually	1	0.2	0.3577708764	0.9155417528
greatly	7	2.2	1.73896520954	5.67793041909
fertile	1	0.2	0.3577708764	0.9155417528
valuable	3	0.4	0.37947331922	1.15894663844
her	18	4.2	4.28672369065	12.7734473813
reduce	2	0.2	0.3577708764	0.9155417528
wants	2	0.6	0.651152823844	1.90230564769
field	1	0.2	0.3577708764	0.9155417528
you	16	6.8	3.54400902933	13.8880180587
vigilance	2	0.2	0.3577708764	0.9155417528
prudent	1	0.2	0.3577708764	0.9155417528
building	2	0.4	0.37947331922	1.15894663844
minister	12	3.6	2.3765521244	8.3531042488
surrounded	2	0.2	0.3577708764	0.9155417528
hands	4	1.0	0.632455532034	2.26491106407
unchanged	2	0.2	0.3577708764	0.9155417528
follow	2	0.4	0.7155417528	1.8310835056
sound	4	0.4	0.37947331922	1.15894663844
regiments	1	0.2	0.3577708764	0.9155417528
neighborhood	1	0.2	0.3577708764	0.9155417528
imported	2	0.2	0.3577708764	0.9155417528
endured	1	0.2	0.3577708764	0.9155417528
1841	2	0.2	0.3577708764	0.9155417528
superintendence	2	0.4	0.7155417528	1.8310835056
amount	9	3.4	1.65166582577	6.70333165153
action	6	1.8	1.91415777824	5.62831555648
members	1	0.2	0.3577708764	0.9155417528
family	2	0.2	0.3577708764	0.9155417528
africa	2	0.4	0.7155417528	1.8310835056
eye	1	0.2	0.3577708764	0.9155417528
answered	1	0.2	0.3577708764	0.9155417528
finally	2	0.6	0.309838667697	1.21967733539
6	3	0.6	0.651152823844	1.90230564769
minor	1	0.2	0.3577708764	0.9155417528
company	1	0.2	0.3577708764	0.9155417528
known	2	0.6	0.651152823844	1.90230564769
guards	1	0.2	0.3577708764	0.9155417528
remain	4	2.2	0.889943818451	3.9798876369
schooner	2	0.2	0.3577708764	0.9155417528
arise	2	0.4	0.37947331922	1.15894663844
plans	1	0.2	0.3577708764	0.9155417528
breaking	1	0.2	0.3577708764	0.9155417528
buenos	1	0.2	0.3577708764	0.9155417528
warfare	2	0.2	0.3577708764	0.9155417528
proclaimed	1	0.2	0.3577708764	0.9155417528
fallen	2	0.4	0.37947331922	1.15894663844
supervision	1	0.2	0.3577708764	0.9155417528
mexican	2	0.4	0.7155417528	1.8310835056
brig	1	0.2	0.3577708764	0.9155417528
27	1	0.2	0.3577708764	0.9155417528
late	5	1.4	0.8049844719	3.0099689438
sympathy	1	0.2	0.3577708764	0.9155417528
residing	1	0.2	0.3577708764	0.9155417528
since	13	3.4	2.35116992155	8.1023398431
7	1	0.2	0.3577708764	0.9155417528
issue	2	0.8	0.551361950084	1.90272390017
circumstance	1	0.2	0.3577708764	0.9155417528
heads	1	0.2	0.3577708764	0.9155417528
attendant	3	0.4	0.37947331922	1.15894663844
speculation	1	0.2	0.3577708764	0.9155417528
reared	1	0.2	0.3577708764	0.9155417528
lieu	2	0.2	0.3577708764	0.9155417528
consequence	6	1.0	0.632455532034	2.26491106407
embraces	1	0.2	0.3577708764	0.9155417528
feel	3	0.8	0.987927122818	2.77585424564
pledge	1	0.2	0.3577708764	0.9155417528
option	1	0.2	0.3577708764	0.9155417528
lament	1	0.2	0.3577708764	0.9155417528
anticipate	1	0.2	0.3577708764	0.9155417528
nevertheless	4	0.6	0.309838667697	1.21967733539
rewards	2	0.2	0.3577708764	0.9155417528
sell	1	0.2	0.3577708764	0.9155417528
cargoes	1	0.2	0.3577708764	0.9155417528
effecting	1	0.2	0.3577708764	0.9155417528
consisted	1	0.2	0.3577708764	0.9155417528
gold	4	0.2	0.3577708764	0.9155417528
obligations	2	0.4	0.37947331922	1.15894663844
assertion	1	0.2	0.3577708764	0.9155417528
failed	5	0.8	0.551361950084	1.90272390017
stability	1	0.2	0.3577708764	0.9155417528
preparing	1	0.2	0.3577708764	0.9155417528
close	5	2.0	1.09544511501	4.19089023002
nations	14	6.0	3.74165738677	13.4833147735
recently	4	1.2	1.2585706178	3.71714123561
incident	3	0.8	0.551361950084	1.90272390017
both	5	2.6	0.942337519151	4.4846750383
connection	2	0.8	0.551361950084	1.90272390017
reasons	2	0.6	0.651152823844	1.90230564769
outstanding	2	0.4	0.37947331922	1.15894663844
territory	6	2.6	1.52839785396	5.65679570793
resting	1	0.2	0.3577708764	0.9155417528
look	2	0.8	0.551361950084	1.90272390017
while	19	3.6	2.15406592285	7.90813184571
seem	2	0.4	0.37947331922	1.15894663844
belong	1	0.2	0.3577708764	0.9155417528
repudiated	1	0.2	0.3577708764	0.9155417528
000	19	4.0	2.82842712475	9.65685424949
machinery	1	0.2	0.3577708764	0.9155417528
skill	1	0.2	0.3577708764	0.9155417528
things	6	1.8	1.43666279969	4.67332559937
judgments	1	0.2	0.3577708764	0.9155417528
continent	2	0.8	0.551361950084	1.90272390017
speedily	3	0.8	0.987927122818	2.77585424564
complaint	1	0.2	0.3577708764	0.9155417528
suffering	3	0.2	0.3577708764	0.9155417528
resorted	2	0.4	0.37947331922	1.15894663844
two	16	5.2	3.3988233258	11.9976466516
often	1	0.2	0.3577708764	0.9155417528
constitutionality	1	0.2	0.3577708764	0.9155417528
providence	3	0.2	0.3577708764	0.9155417528
convulsions	1	0.2	0.3577708764	0.9155417528
measures	5	3.0	0.632455532034	4.26491106407
indemnification	3	0.2	0.3577708764	0.9155417528
surrender	1	0.2	0.3577708764	0.9155417528
involving	2	0.4	0.7155417528	1.8310835056
controversies	1	0.2	0.3577708764	0.9155417528
live	1	0.2	0.3577708764	0.9155417528
subdue	2	0.4	0.37947331922	1.15894663844
forward	1	0.2	0.3577708764	0.9155417528
considerably	1	0.2	0.3577708764	0.9155417528
similar	4	1.4	1.20664825032	3.81329650064
metals	2	0.2	0.3577708764	0.9155417528
income	1	0.2	0.3577708764	0.9155417528
provided	2	0.8	0.551361950084	1.90272390017
restrained	1	0.2	0.3577708764	0.9155417528
urged	2	0.6	0.651152823844	1.90230564769
presenting	1	0.2	0.3577708764	0.9155417528
everywhere	2	0.2	0.3577708764	0.9155417528
once	2	0.6	0.309838667697	1.21967733539
partial	1	0.2	0.3577708764	0.9155417528
issued	1	0.2	0.3577708764	0.9155417528
existing	6	1.8	1.05451410612	3.90902821223
proposition	2	0.6	0.651152823844	1.90230564769
issues	2	0.2	0.3577708764	0.9155417528
concerned	1	0.2	0.3577708764	0.9155417528
armament	1	0.2	0.3577708764	0.9155417528
notes	11	0.4	0.37947331922	1.15894663844
enforce	1	0.2	0.3577708764	0.9155417528
comforts	1	0.2	0.3577708764	0.9155417528
concessions	1	0.2	0.3577708764	0.9155417528
led	2	0.4	0.37947331922	1.15894663844
exchange	6	1.0	1.788854382	4.577708764
desired	2	0.8	0.551361950084	1.90272390017
unadjusted	2	0.2	0.3577708764	0.9155417528
makes	3	0.2	0.3577708764	0.9155417528
forbid	1	0.2	0.3577708764	0.9155417528
apply	1	0.2	0.3577708764	0.9155417528
issuing	2	0.2	0.3577708764	0.9155417528
occurred	4	1.6	1.15238882327	3.90477764654
fulfill	1	0.2	0.3577708764	0.9155417528
native	1	0.2	0.3577708764	0.9155417528
hesitate	1	0.2	0.3577708764	0.9155417528
responsibilities	1	0.2	0.3577708764	0.9155417528
relates	1	0.2	0.3577708764	0.9155417528
efficiently	1	0.2	0.3577708764	0.9155417528
introduced	2	0.4	0.37947331922	1.15894663844
honestly	1	0.2	0.3577708764	0.9155417528
agricultural	2	0.2	0.3577708764	0.9155417528
negotiated	1	0.2	0.3577708764	0.9155417528
labor	2	0.8	0.551361950084	1.90272390017
impaired	1	0.2	0.3577708764	0.9155417528
day	6	2.0	1.8973665961	5.7947331922
society	2	0.6	0.651152823844	1.90230564769
articles	4	1.2	0.521536192416	2.24307238483
adjournment	2	0.6	0.651152823844	1.90230564769
fostered	1	0.2	0.3577708764	0.9155417528
deficiency	3	0.2	0.3577708764	0.9155417528
88	1	0.2	0.3577708764	0.9155417528
loans	3	0.8	0.987927122818	2.77585424564
york	1	0.2	0.3577708764	0.9155417528
shortest	1	0.2	0.3577708764	0.9155417528
diminished	2	0.8	0.1788854382	1.1577708764
plainly	1	0.2	0.3577708764	0.9155417528
scene	1	0.2	0.3577708764	0.9155417528
assure	1	0.2	0.3577708764	0.9155417528
attack	1	0.2	0.3577708764	0.9155417528
succeeded	5	0.2	0.3577708764	0.9155417528
border	3	0.2	0.3577708764	0.9155417528
necessities	1	0.2	0.3577708764	0.9155417528
inhabiting	1	0.2	0.3577708764	0.9155417528
fact	4	0.6	0.651152823844	1.90230564769
exclusive	3	0.8	0.75894663844	2.31789327688
bring	5	1.0	0.894427191	2.788854382
commendation	1	0.2	0.3577708764	0.9155417528
mainly	2	0.2	0.3577708764	0.9155417528
places	2	0.6	0.651152823844	1.90230564769
exerted	1	0.2	0.3577708764	0.9155417528
derogatory	1	0.2	0.3577708764	0.9155417528
precious	3	0.4	0.37947331922	1.15894663844
restrictions	1	0.2	0.3577708764	0.9155417528
equal	5	2.0	1.26491106407	4.52982212813
passing	1	0.2	0.3577708764	0.9155417528
safely	1	0.2	0.3577708764	0.9155417528
strongly	1	0.2	0.3577708764	0.9155417528
adjusted	4	1.0	0.632455532034	2.26491106407
ships	3	0.6	0.309838667697	1.21967733539
supreme	1	0.2	0.3577708764	0.9155417528
recognized	2	0.2	0.3577708764	0.9155417528
rates	2	0.4	0.7155417528	1.8310835056
anomaly	1	0.2	0.3577708764	0.9155417528
sales	2	0.2	0.3577708764	0.9155417528
value	11	2.6	2.08230641357	6.76461282714
persevered	1	0.2	0.3577708764	0.9155417528
delusion	1	0.2	0.3577708764	0.9155417528
against	8	3.8	1.80886704874	7.41773409747
claimed	1	0.2	0.3577708764	0.9155417528
calamitous	1	0.2	0.3577708764	0.9155417528
proceeds	2	0.2	0.3577708764	0.9155417528
administered	1	0.2	0.3577708764	0.9155417528
she	6	1.0	1.0	3.0
sanguine	1	0.2	0.3577708764	0.9155417528
executive	11	2.2	1.89525723848	5.99051447695
recommending	1	0.2	0.3577708764	0.9155417528
arrest	1	0.2	0.3577708764	0.9155417528
citizen	1	0.2	0.3577708764	0.9155417528
definitive	2	0.2	0.3577708764	0.9155417528
republics	3	0.2	0.3577708764	0.9155417528
loss	2	0.2	0.3577708764	0.9155417528
adjoining	1	0.2	0.3577708764	0.9155417528
reclamation	1	0.2	0.3577708764	0.9155417528
motive	1	0.2	0.3577708764	0.9155417528
growth	1	0.2	0.3577708764	0.9155417528
export	1	0.2	0.3577708764	0.9155417528
recommendation	3	0.6	0.651152823844	1.90230564769
employment	2	0.2	0.3577708764	0.9155417528
recognition	2	0.4	0.37947331922	1.15894663844
ayres	1	0.2	0.3577708764	0.9155417528
paper	8	0.4	0.7155417528	1.8310835056
about	4	1.6	0.489897948557	2.57979589711
dependence	3	0.6	0.651152823844	1.90230564769
wilderness	2	0.2	0.3577708764	0.9155417528
transfer	1	0.2	0.3577708764	0.9155417528
continental	1	0.2	0.3577708764	0.9155417528
fiscal	6	1.0	1.788854382	4.577708764
amity	5	0.2	0.3577708764	0.9155417528
courts	1	0.2	0.3577708764	0.9155417528
unusual	1	0.2	0.3577708764	0.9155417528
portion	8	3.4	1.52577848982	6.45155697964
