contributes	2	0.2	0.3577708764	0.9155417528
cogent	1	0.2	0.3577708764	0.9155417528
25th	1	0.2	0.3577708764	0.9155417528
expose	1	0.2	0.3577708764	0.9155417528
ardently	1	0.2	0.3577708764	0.9155417528
provide	1	0.2	0.3577708764	0.9155417528
hand	2	0.2	0.3577708764	0.9155417528
establishments	3	0.2	0.3577708764	0.9155417528
took	1	0.2	0.3577708764	0.9155417528
boston	1	0.2	0.3577708764	0.9155417528
thorough	1	0.2	0.3577708764	0.9155417528
mitigate	1	0.2	0.3577708764	0.9155417528
delays	1	0.2	0.3577708764	0.9155417528
discovery	1	0.2	0.3577708764	0.9155417528
liberties	2	0.6	0.309838667697	1.21967733539
creek	1	0.2	0.3577708764	0.9155417528
proportionally	1	0.2	0.3577708764	0.9155417528
proceed	2	0.4	0.7155417528	1.8310835056
prisoners	1	0.2	0.3577708764	0.9155417528
commenced	2	0.4	0.7155417528	1.8310835056
depend	1	0.2	0.3577708764	0.9155417528
persevere	1	0.2	0.3577708764	0.9155417528
none	3	0.6	0.651152823844	1.90230564769
choice	3	1.0	0.894427191	2.788854382
posts	4	0.4	0.37947331922	1.15894663844
military	5	1.6	0.963327566303	3.52665513261
address	5	2.0	0.0	2.0
going	1	0.2	0.3577708764	0.9155417528
commissioner	4	0.4	0.37947331922	1.15894663844
agent	2	0.8	0.551361950084	1.90272390017
species	2	0.2	0.3577708764	0.9155417528
st	2	0.4	0.7155417528	1.8310835056
zealous	1	0.2	0.3577708764	0.9155417528
complicated	1	0.2	0.3577708764	0.9155417528
besides	3	0.4	0.7155417528	1.8310835056
care	4	0.8	0.75894663844	2.31789327688
commissioners	5	1.0	1.0	3.0
george	2	0.4	0.7155417528	1.8310835056
adjourned	1	0.2	0.3577708764	0.9155417528
repeatedly	1	0.2	0.3577708764	0.9155417528
pain	1	0.2	0.3577708764	0.9155417528
pacific	2	0.6	0.651152823844	1.90230564769
proportion	4	1.4	1.02761860629	3.45523721259
examples	1	0.2	0.3577708764	0.9155417528
algiers	2	0.4	0.37947331922	1.15894663844
august	2	0.6	0.651152823844	1.90230564769
contract	1	0.2	0.3577708764	0.9155417528
endeavor	1	0.2	0.3577708764	0.9155417528
external	2	0.4	0.7155417528	1.8310835056
devolved	1	0.2	0.3577708764	0.9155417528
charged	1	0.2	0.3577708764	0.9155417528
procrastinated	1	0.2	0.3577708764	0.9155417528
captured	1	0.2	0.3577708764	0.9155417528
revision	1	0.2	0.3577708764	0.9155417528
flourishing	1	0.2	0.3577708764	0.9155417528
spreading	1	0.2	0.3577708764	0.9155417528
october	2	0.2	0.3577708764	0.9155417528
appointment	3	0.4	0.7155417528	1.8310835056
naval	3	0.6	0.309838667697	1.21967733539
deeming	1	0.2	0.3577708764	0.9155417528
britannic	1	0.2	0.3577708764	0.9155417528
cultivation	1	0.2	0.3577708764	0.9155417528
recall	1	0.2	0.3577708764	0.9155417528
exclude	2	0.2	0.3577708764	0.9155417528
departure	1	0.2	0.3577708764	0.9155417528
discouraging	1	0.2	0.3577708764	0.9155417528
7	2	0.2	0.3577708764	0.9155417528
omit	2	0.4	0.37947331922	1.15894663844
success	5	2.2	1.09178752512	4.38357505023
mediterranean	1	0.2	0.3577708764	0.9155417528
defect	1	0.2	0.3577708764	0.9155417528
self	1	0.2	0.3577708764	0.9155417528
effecting	1	0.2	0.3577708764	0.9155417528
information	3	1.2	0.819756061277	2.83951212255
engagements	2	0.8	0.551361950084	1.90272390017
find	2	0.4	0.7155417528	1.8310835056
art	3	0.2	0.3577708764	0.9155417528
candor	1	0.2	0.3577708764	0.9155417528
improved	2	0.2	0.3577708764	0.9155417528
reside	2	0.2	0.3577708764	0.9155417528
majesty	5	0.4	0.37947331922	1.15894663844
ought	5	1.6	1.55434873822	4.70869747644
impracticable	1	0.2	0.3577708764	0.9155417528
virtually	1	0.2	0.3577708764	0.9155417528
comprehensive	1	0.2	0.3577708764	0.9155417528
condemnation	1	0.2	0.3577708764	0.9155417528
manifest	1	0.2	0.3577708764	0.9155417528
heart	2	0.6	0.651152823844	1.90230564769
often	3	0.4	0.37947331922	1.15894663844
accelerating	1	0.2	0.3577708764	0.9155417528
though	2	0.6	0.651152823844	1.90230564769
wealth	2	0.8	0.551361950084	1.90272390017
manufacture	1	0.2	0.3577708764	0.9155417528
fulfilling	1	0.2	0.3577708764	0.9155417528
spain	2	0.8	0.551361950084	1.90272390017
maturing	1	0.2	0.3577708764	0.9155417528
once	2	1.0	0.4472135955	1.894427191
moderate	1	0.2	0.3577708764	0.9155417528
experiment	2	0.4	0.37947331922	1.15894663844
undertaking	1	0.2	0.3577708764	0.9155417528
import	1	0.2	0.3577708764	0.9155417528
agreeably	1	0.2	0.3577708764	0.9155417528
possession	2	0.2	0.3577708764	0.9155417528
procuring	1	0.2	0.3577708764	0.9155417528
appointed	5	1.4	1.20332871652	3.80665743304
universe	2	0.2	0.3577708764	0.9155417528
defective	1	0.2	0.3577708764	0.9155417528
chosen	1	0.2	0.3577708764	0.9155417528
agriculture	1	0.2	0.3577708764	0.9155417528
length	1	0.2	0.3577708764	0.9155417528
individual	3	1.6	0.3577708764	2.3155417528
viewed	1	0.2	0.3577708764	0.9155417528
repairs	1	0.2	0.3577708764	0.9155417528
talents	1	0.2	0.3577708764	0.9155417528
nearer	1	0.2	0.3577708764	0.9155417528
knowledge	4	0.6	1.0733126292	2.7466252584
boundary	3	1.0	0.894427191	2.788854382
sciences	1	0.2	0.3577708764	0.9155417528
regular	1	0.2	0.3577708764	0.9155417528
thence	2	0.4	0.37947331922	1.15894663844
prospect	2	0.6	0.651152823844	1.90230564769
provinces	1	0.2	0.3577708764	0.9155417528
immense	1	0.2	0.3577708764	0.9155417528
appearance	1	0.2	0.3577708764	0.9155417528
arrangements	3	0.8	0.551361950084	1.90272390017
privations	1	0.2	0.3577708764	0.9155417528
nation	8	3.2	2.38997907941	7.97995815881
insure	3	0.6	0.309838667697	1.21967733539
obtain	3	0.4	0.7155417528	1.8310835056
skill	1	0.2	0.3577708764	0.9155417528
disturbance	1	0.2	0.3577708764	0.9155417528
supply	4	1.0	0.4472135955	1.894427191
cruisers	1	0.2	0.3577708764	0.9155417528
actual	1	0.2	0.3577708764	0.9155417528
preexisting	1	0.2	0.3577708764	0.9155417528
guard	2	0.6	0.651152823844	1.90230564769
neutral	2	1.0	0.0	1.0
education	2	0.2	0.3577708764	0.9155417528
