looking	1	0.2	0.3577708764	0.9155417528
effectually	3	0.2	0.3577708764	0.9155417528
hearts	3	0.2	0.3577708764	0.9155417528
pride	2	0.2	0.3577708764	0.9155417528
merchant	1	0.2	0.3577708764	0.9155417528
triumph	1	0.2	0.3577708764	0.9155417528
enjoy	2	0.4	0.37947331922	1.15894663844
charter	1	0.2	0.3577708764	0.9155417528
expanded	1	0.2	0.3577708764	0.9155417528
force	10	3.8	1.16619037897	6.13238075794
7th	2	0.2	0.3577708764	0.9155417528
estimated	7	0.6	0.651152823844	1.90230564769
even	7	2.6	1.57733953225	5.7546790645
bounties	2	0.2	0.3577708764	0.9155417528
lights	1	0.2	0.3577708764	0.9155417528
active	4	1.2	0.819756061277	2.83951212255
obtained	4	0.8	1.4310835056	3.6621670112
reports	1	0.2	0.3577708764	0.9155417528
changes	2	0.6	0.651152823844	1.90230564769
marine	1	0.2	0.3577708764	0.9155417528
calm	1	0.2	0.3577708764	0.9155417528
25th	2	0.4	0.37947331922	1.15894663844
coextensive	1	0.2	0.3577708764	0.9155417528
abundance	1	0.2	0.3577708764	0.9155417528
accomplishment	2	0.4	0.37947331922	1.15894663844
deficiencies	1	0.2	0.3577708764	0.9155417528
mechanic	1	0.2	0.3577708764	0.9155417528
want	5	0.8	0.987927122818	2.77585424564
advancing	2	0.4	0.7155417528	1.8310835056
inhabitants	2	0.8	0.551361950084	1.90272390017
delicacy	1	0.2	0.3577708764	0.9155417528
shores	4	0.4	0.37947331922	1.15894663844
lay	2	0.6	0.309838667697	1.21967733539
effective	4	0.4	0.37947331922	1.15894663844
first	21	5.6	3.02787053884	11.6557410777
executed	3	0.2	0.3577708764	0.9155417528
consent	4	0.2	0.3577708764	0.9155417528
refrain	1	0.2	0.3577708764	0.9155417528
fix	2	0.2	0.3577708764	0.9155417528
affected	1	0.2	0.3577708764	0.9155417528
modification	1	0.2	0.3577708764	0.9155417528
indeed	3	0.2	0.3577708764	0.9155417528
european	2	0.8	0.551361950084	1.90272390017
list	1	0.2	0.3577708764	0.9155417528
navy	8	1.8	0.843800924389	3.48760184878
independence	5	2.0	1.41421356237	4.82842712475
provide	3	0.4	0.37947331922	1.15894663844
faculties	1	0.2	0.3577708764	0.9155417528
hand	2	0.6	0.651152823844	1.90230564769
already	6	2.6	1.44499134946	5.48998269891
john	3	0.8	0.987927122818	2.77585424564
nominal	2	0.4	0.37947331922	1.15894663844
powers	12	5.2	3.05941170816	11.3188234163
acquisition	3	0.2	0.3577708764	0.9155417528
regulate	2	0.4	0.37947331922	1.15894663844
ohio	2	0.4	0.37947331922	1.15894663844
neither	3	1.2	0.885437744847	2.97087548969
reciprocity	2	0.6	0.309838667697	1.21967733539
established	6	1.8	0.843800924389	3.48760184878
extending	1	0.2	0.3577708764	0.9155417528
incompatible	1	0.2	0.3577708764	0.9155417528
precarious	1	0.2	0.3577708764	0.9155417528
treaties	5	1.4	1.20332871652	3.80665743304
constituent	1	0.2	0.3577708764	0.9155417528
earth	10	1.4	1.20664825032	3.81329650064
enjoyed	2	0.6	0.651152823844	1.90230564769
orleans	1	0.2	0.3577708764	0.9155417528
execution	8	1.4	1.02761860629	3.45523721259
prevailed	1	0.2	0.3577708764	0.9155417528
debts	1	0.2	0.3577708764	0.9155417528
institution	6	2.4	1.21983605456	4.83967210912
deepest	1	0.2	0.3577708764	0.9155417528
adequate	5	1.8	0.4	2.6
coast	7	2.2	1.73896520954	5.67793041909
altogether	3	0.2	0.3577708764	0.9155417528
suggested	2	0.4	0.7155417528	1.8310835056
bay	2	0.8	0.551361950084	1.90272390017
favors	1	0.2	0.3577708764	0.9155417528
squadron	2	0.2	0.3577708764	0.9155417528
expediency	2	0.6	0.309838667697	1.21967733539
away	2	0.8	0.1788854382	1.1577708764
discovery	2	0.4	0.37947331922	1.15894663844
men	11	3.2	1.3084341787	5.81686835741
defiance	2	0.2	0.3577708764	0.9155417528
irregular	1	0.2	0.3577708764	0.9155417528
vain	1	0.2	0.3577708764	0.9155417528
represented	2	0.4	0.37947331922	1.15894663844
springs	1	0.2	0.3577708764	0.9155417528
gratitude	4	1.2	0.4	2.0
union	19	8.2	2.56124969497	13.3224993899
west	8	3.2	2.0278066969	7.2556133938
defray	2	0.2	0.3577708764	0.9155417528
life	5	0.4	0.37947331922	1.15894663844
deliberations	6	0.6	0.651152823844	1.90230564769
commerce	15	6.0	3.34664010614	12.6932802123
contemplated	3	0.8	0.551361950084	1.90272390017
contingencies	1	0.2	0.3577708764	0.9155417528
comparative	3	0.2	0.3577708764	0.9155417528
1815	1	0.2	0.3577708764	0.9155417528
prussia	1	0.2	0.3577708764	0.9155417528
1819	1	0.2	0.3577708764	0.9155417528
convictions	1	0.2	0.3577708764	0.9155417528
exertion	2	0.2	0.3577708764	0.9155417528
liberties	3	1.0	0.4472135955	1.894427191
kept	2	0.8	0.551361950084	1.90272390017
human	9	0.4	0.7155417528	1.8310835056
advancement	2	0.2	0.3577708764	0.9155417528
society	3	1.0	0.632455532034	2.26491106407
board	3	0.8	0.1788854382	1.1577708764
gave	1	0.2	0.3577708764	0.9155417528
performance	2	0.4	0.7155417528	1.8310835056
disadvantage	2	0.2	0.3577708764	0.9155417528
offices	2	0.2	0.3577708764	0.9155417528
repeated	1	0.2	0.3577708764	0.9155417528
denied	1	0.2	0.3577708764	0.9155417528
post	6	0.6	1.0733126292	2.7466252584
upward	4	0.6	0.651152823844	1.90230564769
own	18	5.6	5.40074068994	16.4014813799
obtaining	1	0.2	0.3577708764	0.9155417528
bound	2	0.4	0.37947331922	1.15894663844
sovereign	2	0.8	0.551361950084	1.90272390017
senate	5	2.8	0.979795897113	4.75959179423
authorized	4	1.0	1.0	3.0
26th	2	0.2	0.3577708764	0.9155417528
hemisphere	3	0.2	0.3577708764	0.9155417528
urgent	1	0.2	0.3577708764	0.9155417528
marking	2	0.2	0.3577708764	0.9155417528
faithful	2	0.4	0.37947331922	1.15894663844
holding	2	0.2	0.3577708764	0.9155417528
depot	1	0.2	0.3577708764	0.9155417528
aware	1	0.2	0.3577708764	0.9155417528
bestowed	1	0.2	0.3577708764	0.9155417528
assume	1	0.2	0.3577708764	0.9155417528
commenced	3	0.8	0.75894663844	2.31789327688
beneficially	1	0.2	0.3577708764	0.9155417528
unavoidable	1	0.2	0.3577708764	0.9155417528
corps	3	0.2	0.3577708764	0.9155417528
charge	2	0.6	0.651152823844	1.90230564769
promoting	3	0.6	0.309838667697	1.21967733539
emergencies	1	0.2	0.3577708764	0.9155417528
12th	1	0.2	0.3577708764	0.9155417528
science	5	0.2	0.3577708764	0.9155417528
cost	4	0.2	0.3577708764	0.9155417528
substitute	2	0.2	0.3577708764	0.9155417528
uniform	3	0.4	0.7155417528	1.8310835056
military	11	2.4	1.37404512299	5.14809024597
productive	1	0.2	0.3577708764	0.9155417528
attainment	1	0.2	0.3577708764	0.9155417528
along	3	0.6	0.309838667697	1.21967733539
accomplished	6	1.6	1.58996855315	4.7799371063
vicissitudes	2	0.4	0.37947331922	1.15894663844
1st	4	1.2	0.885437744847	2.97087548969
stationed	3	0.2	0.3577708764	0.9155417528
territories	3	0.6	0.651152823844	1.90230564769
peru	1	0.2	0.3577708764	0.9155417528
odious	1	0.2	0.3577708764	0.9155417528
commissioned	1	0.2	0.3577708764	0.9155417528
tribunal	1	0.2	0.3577708764	0.9155417528
facilitating	1	0.2	0.3577708764	0.9155417528
successively	2	0.2	0.3577708764	0.9155417528
clothing	1	0.2	0.3577708764	0.9155417528
stricken	1	0.2	0.3577708764	0.9155417528
species	2	0.6	0.651152823844	1.90230564769
1	8	1.6	0.8	3.2
african	3	0.2	0.3577708764	0.9155417528
nearly	7	2.0	1.67332005307	5.34664010614
exclusive	8	1.4	0.809938269253	3.01987653851
displayed	1	0.2	0.3577708764	0.9155417528
experiments	2	0.4	0.37947331922	1.15894663844
interesting	3	1.0	0.4472135955	1.894427191
mail	2	0.8	0.551361950084	1.90272390017
correspondence	1	0.2	0.3577708764	0.9155417528
establishing	3	0.8	0.551361950084	1.90272390017
directing	1	0.2	0.3577708764	0.9155417528
counteract	1	0.2	0.3577708764	0.9155417528
accomplish	2	0.2	0.3577708764	0.9155417528
opened	2	0.6	0.651152823844	1.90230564769
investigation	1	0.2	0.3577708764	0.9155417528
receiving	1	0.2	0.3577708764	0.9155417528
emulation	1	0.2	0.3577708764	0.9155417528
charleston	1	0.2	0.3577708764	0.9155417528
impost	2	0.2	0.3577708764	0.9155417528
commissioners	6	2.0	1.41421356237	4.82842712475
spanish	1	0.2	0.3577708764	0.9155417528
europe	6	1.6	0.489897948557	2.57979589711
2	3	0.4	0.37947331922	1.15894663844
eyes	3	0.4	0.7155417528	1.8310835056
imputations	1	0.2	0.3577708764	0.9155417528
10	3	0.2	0.3577708764	0.9155417528
12	1	0.2	0.3577708764	0.9155417528
seminaries	2	0.2	0.3577708764	0.9155417528
russia	2	0.6	0.309838667697	1.21967733539
occupied	4	0.8	1.4310835056	3.6621670112
aside	1	0.2	0.3577708764	0.9155417528
equipment	3	0.2	0.3577708764	0.9155417528
take	4	1.2	0.885437744847	2.97087548969
forming	2	0.4	0.7155417528	1.8310835056
interior	2	0.6	0.309838667697	1.21967733539
america	2	0.2	0.3577708764	0.9155417528
prepare	1	0.2	0.3577708764	0.9155417528
laws	12	4.8	3.09063100353	10.9812620071
accession	3	0.2	0.3577708764	0.9155417528
tend	2	0.8	0.551361950084	1.90272390017
pacific	6	1.0	0.632455532034	2.26491106407
outrage	1	0.2	0.3577708764	0.9155417528
respective	5	1.0	1.3416407865	3.683281573
fortifications	3	1.0	0.894427191	2.788854382
1825	3	0.4	0.7155417528	1.8310835056
effectual	1	0.2	0.3577708764	0.9155417528
though	4	1.0	0.632455532034	2.26491106407
communicated	3	0.8	0.551361950084	1.90272390017
seas	2	0.6	0.651152823844	1.90230564769
ends	2	0.2	0.3577708764	0.9155417528
namely	1	0.2	0.3577708764	0.9155417528
boundaries	2	0.2	0.3577708764	0.9155417528
behind	1	0.2	0.3577708764	0.9155417528
enumerated	1	0.2	0.3577708764	0.9155417528
affecting	2	0.2	0.3577708764	0.9155417528
notice	2	0.4	0.37947331922	1.15894663844
parent	1	0.2	0.3577708764	0.9155417528
cities	1	0.2	0.3577708764	0.9155417528
deputed	1	0.2	0.3577708764	0.9155417528
receipts	4	1.4	0.8049844719	3.0099689438
among	17	2.8	2.22710574513	7.25421149026
associated	1	0.2	0.3577708764	0.9155417528
destroyed	1	0.2	0.3577708764	0.9155417528
arts	2	0.8	0.551361950084	1.90272390017
expedition	1	0.2	0.3577708764	0.9155417528
raging	1	0.2	0.3577708764	0.9155417528
deposited	2	0.6	0.651152823844	1.90230564769
500	9	0.4	0.7155417528	1.8310835056
declaration	1	0.2	0.3577708764	0.9155417528
single	3	0.4	0.7155417528	1.8310835056
ship	2	0.2	0.3577708764	0.9155417528
perhaps	4	1.0	1.3416407865	3.683281573
inquire	1	0.2	0.3577708764	0.9155417528
granted	5	0.8	0.987927122818	2.77585424564
reminded	1	0.2	0.3577708764	0.9155417528
inquiry	3	0.6	0.309838667697	1.21967733539
frequented	1	0.2	0.3577708764	0.9155417528
enjoyment	1	0.2	0.3577708764	0.9155417528
persons	3	0.4	0.37947331922	1.15894663844
charges	1	0.2	0.3577708764	0.9155417528
relief	3	1.0	0.894427191	2.788854382
indulged	3	0.2	0.3577708764	0.9155417528
improvement	22	3.8	4.66476151588	13.1295230318
4	4	0.8	0.551361950084	1.90272390017
indications	1	0.2	0.3577708764	0.9155417528
continuation	2	0.2	0.3577708764	0.9155417528
reach	1	0.2	0.3577708764	0.9155417528
rules	2	0.2	0.3577708764	0.9155417528
virginia	2	0.2	0.3577708764	0.9155417528
earnest	4	1.6	0.726636084983	3.05327216997
frigate	1	0.2	0.3577708764	0.9155417528
traffic	4	0.4	0.7155417528	1.8310835056
accepted	3	0.4	0.7155417528	1.8310835056
benefit	4	0.8	0.551361950084	1.90272390017
revision	2	0.4	0.37947331922	1.15894663844
learning	2	0.2	0.3577708764	0.9155417528
competition	1	0.2	0.3577708764	0.9155417528
stations	1	0.2	0.3577708764	0.9155417528
inviting	1	0.2	0.3577708764	0.9155417528
act	20	5.4	4.14825264419	13.6965052884
invested	1	0.2	0.3577708764	0.9155417528
road	5	0.4	0.7155417528	1.8310835056
blessed	2	0.2	0.3577708764	0.9155417528
defraying	2	0.4	0.37947331922	1.15894663844
acquiesced	1	0.2	0.3577708764	0.9155417528
sides	1	0.2	0.3577708764	0.9155417528
promote	2	0.4	0.7155417528	1.8310835056
voyages	1	0.2	0.3577708764	0.9155417528
deserve	4	0.6	0.651152823844	1.90230564769
5	5	1.2	0.885437744847	2.97087548969
infirmity	1	0.2	0.3577708764	0.9155417528
shipping	3	0.2	0.3577708764	0.9155417528
mass	1	0.2	0.3577708764	0.9155417528
resolution	2	0.4	0.37947331922	1.15894663844
stock	4	1.2	1.2585706178	3.71714123561
ceased	1	0.2	0.3577708764	0.9155417528
welfare	4	1.2	0.885437744847	2.97087548969
belonging	1	0.2	0.3577708764	0.9155417528
returning	1	0.2	0.3577708764	0.9155417528
induce	1	0.2	0.3577708764	0.9155417528
fall	1	0.2	0.3577708764	0.9155417528
condition	13	6.2	3.29727159937	12.7945431987
yearly	1	0.2	0.3577708764	0.9155417528
laying	2	0.2	0.3577708764	0.9155417528
indemnity	3	0.4	0.7155417528	1.8310835056
still	10	3.0	1.8973665961	6.7947331922
ten	3	0.2	0.3577708764	0.9155417528
advantageous	2	0.4	0.37947331922	1.15894663844
naval	6	1.0	0.894427191	2.788854382
social	3	0.2	0.3577708764	0.9155417528
members	4	0.4	0.37947331922	1.15894663844
family	3	0.6	0.651152823844	1.90230564769
extinction	2	0.4	0.37947331922	1.15894663844
armed	4	0.2	0.3577708764	0.9155417528
attendance	1	0.2	0.3577708764	0.9155417528
uniformity	1	0.2	0.3577708764	0.9155417528
6	4	1.4	0.8049844719	3.0099689438
company	2	0.4	0.37947331922	1.15894663844
surface	2	0.4	0.37947331922	1.15894663844
keeping	2	0.2	0.3577708764	0.9155417528
pressing	1	0.2	0.3577708764	0.9155417528
nine	1	0.2	0.3577708764	0.9155417528
history	3	0.4	0.37947331922	1.15894663844
purchases	1	0.2	0.3577708764	0.9155417528
lives	2	0.2	0.3577708764	0.9155417528
numbers	5	0.6	0.651152823844	1.90230564769
purchased	1	0.2	0.3577708764	0.9155417528
plans	1	0.2	0.3577708764	0.9155417528
extinguished	1	0.2	0.3577708764	0.9155417528
relinquished	1	0.2	0.3577708764	0.9155417528
persevering	5	0.6	0.651152823844	1.90230564769
advice	1	0.2	0.3577708764	0.9155417528
reflect	1	0.2	0.3577708764	0.9155417528
proclaimed	1	0.2	0.3577708764	0.9155417528
organization	6	1.0	1.0	3.0
magnanimity	1	0.2	0.3577708764	0.9155417528
developed	1	0.2	0.3577708764	0.9155417528
committed	4	1.0	1.3416407865	3.683281573
24	1	0.2	0.3577708764	0.9155417528
energies	1	0.2	0.3577708764	0.9155417528
communities	1	0.2	0.3577708764	0.9155417528
energy	3	0.8	0.551361950084	1.90272390017
really	1	0.2	0.3577708764	0.9155417528
creditor	1	0.2	0.3577708764	0.9155417528
since	14	4.8	4.46676616805	13.7335323361
armaments	1	0.2	0.3577708764	0.9155417528
health	2	0.8	0.551361950084	1.90272390017
flowed	1	0.2	0.3577708764	0.9155417528
7	3	0.6	0.651152823844	1.90230564769
bearing	3	0.4	0.37947331922	1.15894663844
heroic	2	0.4	0.37947331922	1.15894663844
exhibited	1	0.2	0.3577708764	0.9155417528
belligerent	1	0.2	0.3577708764	0.9155417528
maritime	4	0.6	0.651152823844	1.90230564769
enlarged	2	0.4	0.7155417528	1.8310835056
colombia	2	0.4	0.37947331922	1.15894663844
coasts	3	0.2	0.3577708764	0.9155417528
master	1	0.2	0.3577708764	0.9155417528
imperfect	1	0.2	0.3577708764	0.9155417528
mediterranean	2	0.4	0.37947331922	1.15894663844
scarcely	6	0.6	0.651152823844	1.90230564769
kind	2	0.4	0.37947331922	1.15894663844
instruction	1	0.2	0.3577708764	0.9155417528
declare	1	0.2	0.3577708764	0.9155417528
urgently	1	0.2	0.3577708764	0.9155417528
officers	12	4.4	2.60153800664	9.60307601328
consisted	3	0.2	0.3577708764	0.9155417528
obligations	2	0.8	0.551361950084	1.90272390017
scattered	2	0.2	0.3577708764	0.9155417528
occupation	1	0.2	0.3577708764	0.9155417528
equity	1	0.2	0.3577708764	0.9155417528
merchandise	2	0.4	0.37947331922	1.15894663844
commensurate	1	0.2	0.3577708764	0.9155417528
sacrifices	1	0.2	0.3577708764	0.9155417528
common	11	1.6	0.726636084983	3.05327216997
river	4	1.4	0.8049844719	3.0099689438
creator	1	0.2	0.3577708764	0.9155417528
defense	4	1.2	0.619677335393	2.43935467079
prosper	1	0.2	0.3577708764	0.9155417528
close	8	2.4	1.39140217047	5.18280434095
nations	20	7.6	4.58693797647	16.7738759529
arm	1	0.2	0.3577708764	0.9155417528
revolution	2	0.6	0.309838667697	1.21967733539
use	3	1.0	0.894427191	2.788854382
observer	1	0.2	0.3577708764	0.9155417528
legislature	3	0.8	0.551361950084	1.90272390017
both	8	2.8	1.1798304963	5.1596609926
barely	1	0.2	0.3577708764	0.9155417528
forgotten	1	0.2	0.3577708764	0.9155417528
point	5	1.0	1.0	3.0
ghent	1	0.2	0.3577708764	0.9155417528
vessel	2	0.4	0.7155417528	1.8310835056
instrument	3	0.8	0.987927122818	2.77585424564
whom	8	1.8	0.843800924389	3.48760184878
maintenance	1	0.2	0.3577708764	0.9155417528
lived	1	0.2	0.3577708764	0.9155417528
dissension	1	0.2	0.3577708764	0.9155417528
surveys	3	1.2	0.885437744847	2.97087548969
resolved	1	0.2	0.3577708764	0.9155417528
century	1	0.2	0.3577708764	0.9155417528
monroe	1	0.2	0.3577708764	0.9155417528
composition	1	0.2	0.3577708764	0.9155417528
exigencies	2	0.8	0.1788854382	1.1577708764
usually	1	0.2	0.3577708764	0.9155417528
000	52	6.6	5.86651514956	18.3330302991
herewith	2	0.8	0.551361950084	1.90272390017
sacred	3	1.0	0.632455532034	2.26491106407
services	3	0.8	0.551361950084	1.90272390017
quarters	1	0.2	0.3577708764	0.9155417528
shape	1	0.2	0.3577708764	0.9155417528
useful	4	1.2	0.819756061277	2.83951212255
alternative	1	0.2	0.3577708764	0.9155417528
complaint	1	0.2	0.3577708764	0.9155417528
march	9	0.8	0.987927122818	2.77585424564
constitutions	1	0.2	0.3577708764	0.9155417528
signal	2	0.2	0.3577708764	0.9155417528
collect	1	0.2	0.3577708764	0.9155417528
indication	1	0.2	0.3577708764	0.9155417528
ourselves	3	1.2	0.521536192416	2.24307238483
specifically	1	0.2	0.3577708764	0.9155417528
measures	6	3.6	0.8	5.2
defrayed	1	0.2	0.3577708764	0.9155417528
relating	3	0.8	0.551361950084	1.90272390017
militia	5	0.8	0.551361950084	1.90272390017
neutrality	1	0.2	0.3577708764	0.9155417528
france	8	1.2	1.2585706178	3.71714123561
governed	2	0.4	0.7155417528	1.8310835056
wearing	1	0.2	0.3577708764	0.9155417528
etc	1	0.2	0.3577708764	0.9155417528
manufacture	2	0.2	0.3577708764	0.9155417528
himself	2	0.2	0.3577708764	0.9155417528
atlantic	1	0.2	0.3577708764	0.9155417528
patriot	2	0.2	0.3577708764	0.9155417528
maturity	1	0.2	0.3577708764	0.9155417528
redress	1	0.2	0.3577708764	0.9155417528
similar	6	2.0	1.26491106407	4.52982212813
imposts	1	0.2	0.3577708764	0.9155417528
constant	2	0.8	0.1788854382	1.1577708764
recent	3	0.6	0.651152823844	1.90230564769
peace	11	5.0	1.67332005307	8.34664010614
income	2	0.4	0.37947331922	1.15894663844
regulations	3	0.4	0.7155417528	1.8310835056
suppression	1	0.2	0.3577708764	0.9155417528
presenting	2	0.4	0.37947331922	1.15894663844
once	3	1.4	0.489897948557	2.37979589711
resistance	1	0.2	0.3577708764	0.9155417528
compact	2	0.4	0.37947331922	1.15894663844
excluded	1	0.2	0.3577708764	0.9155417528
maryland	1	0.2	0.3577708764	0.9155417528
susceptible	4	0.4	0.7155417528	1.8310835056
continues	2	0.2	0.3577708764	0.9155417528
frigates	1	0.2	0.3577708764	0.9155417528
ending	1	0.2	0.3577708764	0.9155417528
pledge	2	0.2	0.3577708764	0.9155417528
comforts	2	0.4	0.37947331922	1.15894663844
auspices	2	0.2	0.3577708764	0.9155417528
respectively	1	0.2	0.3577708764	0.9155417528
canals	2	0.2	0.3577708764	0.9155417528
talent	1	0.2	0.3577708764	0.9155417528
31	1	0.2	0.3577708764	0.9155417528
sum	6	1.0	0.894427191	2.788854382
addresses	2	1.0	0.0	1.0
excises	1	0.2	0.3577708764	0.9155417528
proportions	1	0.2	0.3577708764	0.9155417528
throne	1	0.2	0.3577708764	0.9155417528
carrying	3	1.4	0.49799598392	2.39599196784
appointed	6	2.2	1.67092788594	5.54185577187
station	2	0.4	0.37947331922	1.15894663844
predecessor	3	1.0	0.894427191	2.788854382
process	3	0.2	0.3577708764	0.9155417528
purposes	5	1.2	0.619677335393	2.43935467079
fulfillment	2	0.2	0.3577708764	0.9155417528
native	1	0.2	0.3577708764	0.9155417528
struggles	1	0.2	0.3577708764	0.9155417528
pleasing	3	0.2	0.3577708764	0.9155417528
independent	4	1.4	1.20664825032	3.81329650064
share	1	0.2	0.3577708764	0.9155417528
arduous	1	0.2	0.3577708764	0.9155417528
tenure	1	0.2	0.3577708764	0.9155417528
furnish	3	0.4	0.37947331922	1.15894663844
degrees	2	0.6	0.309838667697	1.21967733539
covered	1	0.2	0.3577708764	0.9155417528
criminal	1	0.2	0.3577708764	0.9155417528
affections	1	0.2	0.3577708764	0.9155417528
profound	2	0.2	0.3577708764	0.9155417528
establishment	10	3.8	2.78567765544	9.37135531087
magnitude	1	0.2	0.3577708764	0.9155417528
parties	6	1.4	1.629723903	4.65944780599
exceeded	2	0.2	0.3577708764	0.9155417528
special	3	1.0	0.632455532034	2.26491106407
acknowledgment	1	0.2	0.3577708764	0.9155417528
impartial	1	0.2	0.3577708764	0.9155417528
arkansas	1	0.2	0.3577708764	0.9155417528
humiliating	1	0.2	0.3577708764	0.9155417528
hazard	1	0.2	0.3577708764	0.9155417528
conflicts	2	0.2	0.3577708764	0.9155417528
hence	1	0.2	0.3577708764	0.9155417528
facilitate	1	0.2	0.3577708764	0.9155417528
legislative	3	1.2	0.819756061277	2.83951212255
bears	1	0.2	0.3577708764	0.9155417528
flag	5	1.0	0.894427191	2.788854382
short	3	0.8	0.987927122818	2.77585424564
academy	4	0.6	1.0733126292	2.7466252584
completed	5	0.8	0.551361950084	1.90272390017
july	2	0.8	0.551361950084	1.90272390017
individual	5	1.8	0.558569601751	2.9171392035
distinguished	3	1.0	0.632455532034	2.26491106407
half	3	0.6	1.0733126292	2.7466252584
tide	1	0.2	0.3577708764	0.9155417528
necessities	2	0.4	0.37947331922	1.15894663844
documents	2	0.2	0.3577708764	0.9155417528
meeting	2	0.4	0.37947331922	1.15894663844
expired	1	0.2	0.3577708764	0.9155417528
recess	1	0.2	0.3577708764	0.9155417528
nearer	1	0.2	0.3577708764	0.9155417528
trying	1	0.2	0.3577708764	0.9155417528
specified	2	0.2	0.3577708764	0.9155417528
gradual	1	0.2	0.3577708764	0.9155417528
he	10	2.6	2.1184900283	6.8369800566
exchanged	1	0.2	0.3577708764	0.9155417528
bear	1	0.2	0.3577708764	0.9155417528
denmark	2	0.2	0.3577708764	0.9155417528
taxes	2	0.8	0.551361950084	1.90272390017
ascertain	1	0.2	0.3577708764	0.9155417528
remains	4	0.4	0.37947331922	1.15894663844
acquired	1	0.2	0.3577708764	0.9155417528
progress	6	2.4	1.74355957742	5.88711915483
constituted	2	0.2	0.3577708764	0.9155417528
firmness	1	0.2	0.3577708764	0.9155417528
restrictions	2	0.4	0.37947331922	1.15894663844
career	3	0.4	0.7155417528	1.8310835056
freely	1	0.2	0.3577708764	0.9155417528
april	2	0.4	0.37947331922	1.15894663844
safely	2	0.4	0.37947331922	1.15894663844
partially	2	0.2	0.3577708764	0.9155417528
flourishing	3	0.4	0.37947331922	1.15894663844
resorting	2	0.2	0.3577708764	0.9155417528
second	4	1.2	0.885437744847	2.97087548969
accountability	1	0.2	0.3577708764	0.9155417528
sales	4	0.6	0.651152823844	1.90230564769
ours	4	1.0	1.0	3.0
last	25	10.2	4.44432222054	19.0886444411
fellow	8	3.2	1.72046505341	6.64093010682
geographical	1	0.2	0.3577708764	0.9155417528
nation	14	4.0	2.89827534924	9.79655069848
piracy	1	0.2	0.3577708764	0.9155417528
redeemable	1	0.2	0.3577708764	0.9155417528
drawing	1	0.2	0.3577708764	0.9155417528
fishing	1	0.2	0.3577708764	0.9155417528
generous	2	0.6	0.651152823844	1.90230564769
recommending	2	0.4	0.37947331922	1.15894663844
citizen	2	0.4	0.37947331922	1.15894663844
loan	4	0.6	1.0733126292	2.7466252584
definitive	2	0.6	0.651152823844	1.90230564769
elapsed	1	0.2	0.3577708764	0.9155417528
burden	1	0.2	0.3577708764	0.9155417528
perpetual	3	0.8	0.551361950084	1.90272390017
january	6	0.8	0.551361950084	1.90272390017
works	6	1.6	1.27121988657	4.14243977313
university	4	0.2	0.3577708764	0.9155417528
surest	1	0.2	0.3577708764	0.9155417528
exceed	4	0.6	0.651152823844	1.90230564769
growth	3	0.4	0.37947331922	1.15894663844
assuming	1	0.2	0.3577708764	0.9155417528
prohibited	1	0.2	0.3577708764	0.9155417528
actual	3	0.4	0.37947331922	1.15894663844
freedom	1	0.2	0.3577708764	0.9155417528
owe	1	0.2	0.3577708764	0.9155417528
roads	5	0.4	0.7155417528	1.8310835056
intention	1	0.2	0.3577708764	0.9155417528
witness	1	0.2	0.3577708764	0.9155417528
glory	3	0.6	0.651152823844	1.90230564769
dangerous	2	0.4	0.37947331922	1.15894663844
plenipotentiaries	1	0.2	0.3577708764	0.9155417528
violated	1	0.2	0.3577708764	0.9155417528
missouri	2	0.4	0.37947331922	1.15894663844
survey	2	0.6	0.651152823844	1.90230564769
