aided	3	0.6	0.309838667697	1.21967733539
comparatively	4	0.8	0.551361950084	1.90272390017
facilities	2	0.8	0.551361950084	1.90272390017
consists	1	0.2	0.3577708764	0.9155417528
exhibitions	1	0.2	0.3577708764	0.9155417528
presents	3	0.2	0.3577708764	0.9155417528
unsettled	1	0.2	0.3577708764	0.9155417528
supreme	3	0.8	0.1788854382	1.1577708764
rise	2	0.4	0.37947331922	1.15894663844
clothed	1	0.2	0.3577708764	0.9155417528
succession	1	0.2	0.3577708764	0.9155417528
specially	1	0.2	0.3577708764	0.9155417528
estimates	2	1.0	0.4472135955	1.894427191
necessarily	5	1.8	1.5205262247	4.8410524494
sailed	1	0.2	0.3577708764	0.9155417528
speedy	4	1.6	1.15238882327	3.90477764654
conduct	5	0.8	0.75894663844	2.31789327688
deemed	9	1.6	1.64438438329	4.88876876658
offenses	2	0.2	0.3577708764	0.9155417528
error	1	0.2	0.3577708764	0.9155417528
protection	9	4.4	2.15406592285	8.70813184571
generals	1	0.2	0.3577708764	0.9155417528
controversy	3	1.2	0.885437744847	2.97087548969
punishment	3	0.2	0.3577708764	0.9155417528
natural	3	0.6	1.0733126292	2.7466252584
agitation	1	0.2	0.3577708764	0.9155417528
arms	1	0.2	0.3577708764	0.9155417528
occupying	1	0.2	0.3577708764	0.9155417528
call	3	1.4	0.489897948557	2.37979589711
tranquillity	2	0.6	0.651152823844	1.90230564769
successful	6	1.6	0.963327566303	3.52665513261
mountains	1	0.2	0.3577708764	0.9155417528
abundance	2	0.4	0.37947331922	1.15894663844
pursue	2	0.6	0.651152823844	1.90230564769
accomplishment	4	0.6	0.651152823844	1.90230564769
caution	1	0.2	0.3577708764	0.9155417528
absolute	1	0.2	0.3577708764	0.9155417528
adjacent	1	0.2	0.3577708764	0.9155417528
law	16	2.4	1.5126136321	5.42522726419
attempt	6	1.0	0.632455532034	2.26491106407
sioux	1	0.2	0.3577708764	0.9155417528
acknowledged	1	0.2	0.3577708764	0.9155417528
used	1	0.2	0.3577708764	0.9155417528
capitalist	1	0.2	0.3577708764	0.9155417528
operations	9	3.0	2.2803508502	7.5607017004
concurrence	1	0.2	0.3577708764	0.9155417528
defalcations	1	0.2	0.3577708764	0.9155417528
eventually	1	0.2	0.3577708764	0.9155417528
suited	1	0.2	0.3577708764	0.9155417528
affected	3	0.4	0.37947331922	1.15894663844
safe	6	1.4	1.20664825032	3.81329650064
bank	10	4.2	2.51077677224	9.22155354447
side	3	0.2	0.3577708764	0.9155417528
trading	1	0.2	0.3577708764	0.9155417528
borne	1	0.2	0.3577708764	0.9155417528
contend	1	0.2	0.3577708764	0.9155417528
encourage	2	0.6	0.309838667697	1.21967733539
surprise	1	0.2	0.3577708764	0.9155417528
provide	4	1.0	0.894427191	2.788854382
disputed	2	0.2	0.3577708764	0.9155417528
hand	4	1.0	0.632455532034	2.26491106407
unauthorized	1	0.2	0.3577708764	0.9155417528
subsistence	2	0.6	0.309838667697	1.21967733539
perform	2	0.2	0.3577708764	0.9155417528
professions	1	0.2	0.3577708764	0.9155417528
incorporated	1	0.2	0.3577708764	0.9155417528
uses	1	0.2	0.3577708764	0.9155417528
already	9	3.8	1.72046505341	7.24093010682
channels	1	0.2	0.3577708764	0.9155417528
establishments	5	0.8	0.987927122818	2.77585424564
undoubtedly	1	0.2	0.3577708764	0.9155417528
honorably	1	0.2	0.3577708764	0.9155417528
solicitor	1	0.2	0.3577708764	0.9155417528
exultation	1	0.2	0.3577708764	0.9155417528
acquisition	3	0.8	0.987927122818	2.77585424564
exploring	1	0.2	0.3577708764	0.9155417528
modern	1	0.2	0.3577708764	0.9155417528
seem	4	1.0	0.4472135955	1.894427191
convenient	2	0.2	0.3577708764	0.9155417528
latter	3	0.8	0.551361950084	1.90272390017
committing	1	0.2	0.3577708764	0.9155417528
established	7	3.0	1.67332005307	6.34664010614
conceded	1	0.2	0.3577708764	0.9155417528
ruthless	1	0.2	0.3577708764	0.9155417528
enterprise	4	1.2	0.819756061277	2.83951212255
detriment	1	0.2	0.3577708764	0.9155417528
confederation	3	0.2	0.3577708764	0.9155417528
arrayed	1	0.2	0.3577708764	0.9155417528
supplied	1	0.2	0.3577708764	0.9155417528
respectfully	2	0.6	0.651152823844	1.90230564769
lessons	1	0.2	0.3577708764	0.9155417528
deepest	2	0.4	0.37947331922	1.15894663844
wide	3	0.4	0.37947331922	1.15894663844
hostility	4	0.2	0.3577708764	0.9155417528
coast	8	3.6	2.01196421439	7.62392842879
report	12	5.6	2.08997607642	9.77995215284
happiest	2	0.2	0.3577708764	0.9155417528
unfortunately	1	0.2	0.3577708764	0.9155417528
increasing	5	1.6	0.8	3.2
adherence	1	0.2	0.3577708764	0.9155417528
secretary	12	4.4	1.40285423334	7.20570846668
fair	4	1.0	0.894427191	2.788854382
consummation	2	0.6	0.651152823844	1.90230564769
said	2	0.6	0.309838667697	1.21967733539
temptation	2	0.4	0.7155417528	1.8310835056
injuries	2	0.2	0.3577708764	0.9155417528
protected	1	0.2	0.3577708764	0.9155417528
retirement	1	0.2	0.3577708764	0.9155417528
devout	1	0.2	0.3577708764	0.9155417528
climate	3	0.6	0.651152823844	1.90230564769
against	14	5.8	2.13541565041	10.0708313008
severe	2	0.8	0.551361950084	1.90272390017
administrations	2	0.2	0.3577708764	0.9155417528
speak	1	0.2	0.3577708764	0.9155417528
efficacy	1	0.2	0.3577708764	0.9155417528
enterprises	1	0.2	0.3577708764	0.9155417528
moneys	10	0.8	0.987927122818	2.77585424564
sufferings	1	0.2	0.3577708764	0.9155417528
161	1	0.2	0.3577708764	0.9155417528
exception	4	0.6	0.309838667697	1.21967733539
suppose	2	0.4	0.37947331922	1.15894663844
aid	5	1.6	0.726636084983	3.05327216997
natives	2	0.2	0.3577708764	0.9155417528
confirmed	3	0.4	0.37947331922	1.15894663844
apparently	2	0.6	0.651152823844	1.90230564769
exertion	2	0.6	0.651152823844	1.90230564769
thereof	6	0.4	0.7155417528	1.8310835056
differing	1	0.2	0.3577708764	0.9155417528
insisted	2	0.2	0.3577708764	0.9155417528
stipulated	1	0.2	0.3577708764	0.9155417528
kept	3	1.2	0.521536192416	2.24307238483
numerous	3	1.2	0.619677335393	2.43935467079
left	6	1.6	0.489897948557	2.57979589711
assigned	3	0.8	0.551361950084	1.90272390017
facts	2	1.0	0.4472135955	1.894427191
followed	1	0.2	0.3577708764	0.9155417528
previous	5	2.2	0.748331477355	3.69666295471
remedial	1	0.2	0.3577708764	0.9155417528
advancement	2	0.6	0.651152823844	1.90230564769
humanity	4	1.4	0.49799598392	2.39599196784
performance	4	0.8	0.75894663844	2.31789327688
specie	8	1.4	1.20664825032	3.81329650064
54	1	0.2	0.3577708764	0.9155417528
invaluable	1	0.2	0.3577708764	0.9155417528
inhuman	1	0.2	0.3577708764	0.9155417528
denied	2	0.4	0.37947331922	1.15894663844
citizens	26	10.6	3.07245829915	16.7449165983
situated	3	0.2	0.3577708764	0.9155417528
efforts	4	1.4	1.20332871652	3.80665743304
successive	2	0.2	0.3577708764	0.9155417528
down	2	0.4	0.7155417528	1.8310835056
suspension	5	1.0	1.3416407865	3.683281573
existed	6	1.6	1.51789327688	4.63578655376
preemption	1	0.2	0.3577708764	0.9155417528
resulted	2	0.6	0.651152823844	1.90230564769
toward	7	1.4	0.8049844719	3.0099689438
form	6	3.2	0.979795897113	5.15959179423
unusually	1	0.2	0.3577708764	0.9155417528
mails	1	0.2	0.3577708764	0.9155417528
exist	7	1.6	0.963327566303	3.52665513261
fraternal	1	0.2	0.3577708764	0.9155417528
physical	1	0.2	0.3577708764	0.9155417528
faithful	2	0.6	0.651152823844	1.90230564769
conferring	1	0.2	0.3577708764	0.9155417528
seeing	1	0.2	0.3577708764	0.9155417528
bestowed	2	0.4	0.37947331922	1.15894663844
reasoning	1	0.2	0.3577708764	0.9155417528
conferred	5	0.8	0.987927122818	2.77585424564
profits	1	0.2	0.3577708764	0.9155417528
unavoidable	2	0.4	0.37947331922	1.15894663844
customary	1	0.2	0.3577708764	0.9155417528
impression	2	0.2	0.3577708764	0.9155417528
known	3	0.8	0.75894663844	2.31789327688
abundant	2	0.6	0.309838667697	1.21967733539
anticipation	3	0.2	0.3577708764	0.9155417528
producing	1	0.2	0.3577708764	0.9155417528
emergencies	3	0.4	0.37947331922	1.15894663844
speculation	3	0.4	0.37947331922	1.15894663844
inland	1	0.2	0.3577708764	0.9155417528
observance	2	0.6	0.309838667697	1.21967733539
appear	5	1.6	1.55434873822	4.70869747644
international	2	0.2	0.3577708764	0.9155417528
submitted	9	2.2	1.6	5.4
mr	2	0.6	0.309838667697	1.21967733539
productive	1	0.2	0.3577708764	0.9155417528
french	2	0.6	0.651152823844	1.90230564769
title	3	0.6	1.0733126292	2.7466252584
settled	4	1.2	0.521536192416	2.24307238483
morals	1	0.2	0.3577708764	0.9155417528
inducing	1	0.2	0.3577708764	0.9155417528
merely	3	0.4	0.37947331922	1.15894663844
prompt	4	0.8	0.987927122818	2.77585424564
red	2	0.6	0.651152823844	1.90230564769
beneficence	1	0.2	0.3577708764	0.9155417528
abroad	2	0.6	0.651152823844	1.90230564769
territories	3	1.2	0.885437744847	2.97087548969
cherished	1	0.2	0.3577708764	0.9155417528
opposed	1	0.2	0.3577708764	0.9155417528
sessions	1	0.2	0.3577708764	0.9155417528
apparent	2	0.8	0.1788854382	1.1577708764
whatever	6	2.0	1.09544511501	4.19089023002
tribunal	2	0.4	0.37947331922	1.15894663844
sphere	2	0.6	0.651152823844	1.90230564769
attacks	1	0.2	0.3577708764	0.9155417528
renders	2	0.2	0.3577708764	0.9155417528
armies	1	0.2	0.3577708764	0.9155417528
information	8	1.2	0.819756061277	2.83951212255
destructive	1	0.2	0.3577708764	0.9155417528
deposit	3	0.4	0.37947331922	1.15894663844
deceive	1	0.2	0.3577708764	0.9155417528
exchanges	2	0.6	0.651152823844	1.90230564769
aiding	2	0.4	0.7155417528	1.8310835056
1836	2	0.4	0.37947331922	1.15894663844
1837	5	1.0	1.3416407865	3.683281573
1838	4	0.4	0.7155417528	1.8310835056
vicinity	1	0.2	0.3577708764	0.9155417528
constitutes	2	0.2	0.3577708764	0.9155417528
correspondence	3	0.4	0.37947331922	1.15894663844
maintaining	1	0.2	0.3577708764	0.9155417528
legislation	10	3.6	2.5392912397	8.67858247939
territory	9	4.2	1.72046505341	7.64093010682
canada	4	0.2	0.3577708764	0.9155417528
living	1	0.2	0.3577708764	0.9155417528
interference	6	1.2	0.521536192416	2.24307238483
contained	1	0.2	0.3577708764	0.9155417528
papers	1	0.2	0.3577708764	0.9155417528
theory	2	0.2	0.3577708764	0.9155417528
frequent	4	0.4	0.7155417528	1.8310835056
jealousy	1	0.2	0.3577708764	0.9155417528
carry	7	1.6	1.27121988657	4.14243977313
given	7	2.8	1.72046505341	6.24093010682
district	16	1.2	0.819756061277	2.83951212255
returns	2	0.2	0.3577708764	0.9155417528
2	3	1.0	0.894427191	2.788854382
convention	7	1.6	0.903327183251	3.4066543665
white	3	0.2	0.3577708764	0.9155417528
occupancy	1	0.2	0.3577708764	0.9155417528
bloodshed	1	0.2	0.3577708764	0.9155417528
imputations	2	0.4	0.37947331922	1.15894663844
copy	2	0.2	0.3577708764	0.9155417528
13	1	0.2	0.3577708764	0.9155417528
third	2	0.2	0.3577708764	0.9155417528
18	1	0.2	0.3577708764	0.9155417528
diplomatic	2	0.6	0.309838667697	1.21967733539
monopolies	2	0.2	0.3577708764	0.9155417528
russia	3	1.0	0.4472135955	1.894427191
largely	2	0.2	0.3577708764	0.9155417528
measure	6	3.0	1.26491106407	5.52982212813
supervision	5	0.4	0.37947331922	1.15894663844
comfort	1	0.2	0.3577708764	0.9155417528
efficient	5	0.6	0.309838667697	1.21967733539
offer	1	0.2	0.3577708764	0.9155417528
complaints	1	0.2	0.3577708764	0.9155417528
america	3	0.6	0.651152823844	1.90230564769
forever	2	0.2	0.3577708764	0.9155417528
laws	17	6.8	3.11640818893	13.0328163779
russian	5	0.2	0.3577708764	0.9155417528
volunteer	1	0.2	0.3577708764	0.9155417528
gratified	1	0.2	0.3577708764	0.9155417528
gulf	3	0.6	0.651152823844	1.90230564769
3	2	0.2	0.3577708764	0.9155417528
crime	1	0.2	0.3577708764	0.9155417528
experience	14	3.6	2.41660919472	8.43321838944
effectual	2	0.4	0.37947331922	1.15894663844
miles	2	0.8	0.551361950084	1.90272390017
though	4	1.4	1.20664825032	3.81329650064
ends	2	0.6	0.651152823844	1.90230564769
declares	1	0.2	0.3577708764	0.9155417528
pretext	1	0.2	0.3577708764	0.9155417528
gratifying	2	0.4	0.7155417528	1.8310835056
review	1	0.2	0.3577708764	0.9155417528
justified	1	0.2	0.3577708764	0.9155417528
notice	4	0.8	0.551361950084	1.90272390017
article	8	2.0	0.894427191	3.788854382
loudly	1	0.2	0.3577708764	0.9155417528
penal	1	0.2	0.3577708764	0.9155417528
associated	3	0.4	0.37947331922	1.15894663844
impropriety	1	0.2	0.3577708764	0.9155417528
deposited	3	1.0	0.632455532034	2.26491106407
direction	2	0.6	0.651152823844	1.90230564769
external	2	0.4	0.7155417528	1.8310835056
missions	1	0.2	0.3577708764	0.9155417528
case	10	3.6	2.87332559937	9.34665119874
cash	1	0.2	0.3577708764	0.9155417528
intimately	1	0.2	0.3577708764	0.9155417528
sincere	3	0.8	0.75894663844	2.31789327688
them	50	24.0	10.1390334845	44.278066969
regularity	1	0.2	0.3577708764	0.9155417528
movements	1	0.2	0.3577708764	0.9155417528
different	9	3.2	2.70407100498	8.60814200997
seeking	1	0.2	0.3577708764	0.9155417528
events	3	1.2	0.885437744847	2.97087548969
assist	1	0.2	0.3577708764	0.9155417528
sudden	2	0.6	0.651152823844	1.90230564769
relied	2	0.2	0.3577708764	0.9155417528
violence	3	0.4	0.37947331922	1.15894663844
arbitrament	1	0.2	0.3577708764	0.9155417528
postmaster	8	0.6	0.651152823844	1.90230564769
seems	2	0.6	0.309838667697	1.21967733539
except	2	0.4	0.7155417528	1.8310835056
around	2	0.2	0.3577708764	0.9155417528
early	8	3.2	1.3084341787	5.81686835741
erection	1	0.2	0.3577708764	0.9155417528
commotions	1	0.2	0.3577708764	0.9155417528
subjection	1	0.2	0.3577708764	0.9155417528
pursuits	2	0.8	0.1788854382	1.1577708764
burdens	2	0.4	0.7155417528	1.8310835056
organizing	1	0.2	0.3577708764	0.9155417528
extensively	1	0.2	0.3577708764	0.9155417528
legal	1	0.2	0.3577708764	0.9155417528
ratifications	2	1.0	0.0	1.0
business	7	2.0	1.41421356237	4.82842712475
intrusted	5	1.4	1.629723903	4.65944780599
credits	2	0.4	0.7155417528	1.8310835056
incline	1	0.2	0.3577708764	0.9155417528
affording	2	0.4	0.37947331922	1.15894663844
comparison	2	0.4	0.7155417528	1.8310835056
industry	6	2.4	1.75727061092	5.91454122184
capable	1	0.2	0.3577708764	0.9155417528
lands	10	4.2	2.24321198285	8.6864239657
fertile	1	0.2	0.3577708764	0.9155417528
determine	1	0.2	0.3577708764	0.9155417528
accumulated	1	0.2	0.3577708764	0.9155417528
rewarded	1	0.2	0.3577708764	0.9155417528
sides	2	0.4	0.37947331922	1.15894663844
sale	2	0.6	0.309838667697	1.21967733539
amongst	2	0.6	0.651152823844	1.90230564769
contractions	1	0.2	0.3577708764	0.9155417528
promote	4	0.8	0.75894663844	2.31789327688
default	1	0.2	0.3577708764	0.9155417528
money	8	2.2	2.61839645585	7.4367929117
600	1	0.2	0.3577708764	0.9155417528
substantially	1	0.2	0.3577708764	0.9155417528
deem	1	0.2	0.3577708764	0.9155417528
diversity	2	0.2	0.3577708764	0.9155417528
onerous	1	0.2	0.3577708764	0.9155417528
injurious	6	0.4	0.7155417528	1.8310835056
compel	2	0.2	0.3577708764	0.9155417528
requested	2	0.4	0.7155417528	1.8310835056
formed	4	0.2	0.3577708764	0.9155417528
indemnify	1	0.2	0.3577708764	0.9155417528
m	1	0.2	0.3577708764	0.9155417528
included	2	0.2	0.3577708764	0.9155417528
tendencies	1	0.2	0.3577708764	0.9155417528
building	2	1.0	0.4472135955	1.894427191
calls	1	0.2	0.3577708764	0.9155417528
mass	3	0.4	0.37947331922	1.15894663844
restored	2	0.6	0.651152823844	1.90230564769
embracing	1	0.2	0.3577708764	0.9155417528
legislatures	1	0.2	0.3577708764	0.9155417528
consider	1	0.2	0.3577708764	0.9155417528
number	5	1.6	1.15238882327	3.90477764654
removal	8	2.4	2.5953805116	7.5907610232
safety	4	1.6	1.15238882327	3.90477764654
belonging	2	0.4	0.37947331922	1.15894663844
results	6	2.4	1.75727061092	5.91454122184
renewal	2	0.2	0.3577708764	0.9155417528
accompanying	4	1.0	0.4472135955	1.894427191
large	13	4.8	3.54400902933	11.8880180587
further	7	3.0	1.0	5.0
witnessed	1	0.2	0.3577708764	0.9155417528
deeply	2	0.8	0.551361950084	1.90272390017
prevailed	2	0.4	0.37947331922	1.15894663844
judicious	2	0.6	0.309838667697	1.21967733539
themselves	11	5.6	2.27332355814	10.1466471163
inconsiderable	3	0.8	0.551361950084	1.90272390017
excess	2	0.4	0.37947331922	1.15894663844
treasury	15	8.6	2.80142820718	14.2028564144
social	5	0.8	0.987927122818	2.77585424564
depart	1	0.2	0.3577708764	0.9155417528
enactment	2	0.4	0.7155417528	1.8310835056
extinction	2	0.6	0.651152823844	1.90230564769
finally	3	1.0	0.4472135955	1.894427191
thrown	1	0.2	0.3577708764	0.9155417528
keeping	3	0.6	0.651152823844	1.90230564769
hour	1	0.2	0.3577708764	0.9155417528
reassemble	1	0.2	0.3577708764	0.9155417528
forbearance	3	0.6	0.651152823844	1.90230564769
learn	1	0.2	0.3577708764	0.9155417528
purchases	3	0.4	0.37947331922	1.15894663844
court	24	1.2	0.885437744847	2.97087548969
ratified	4	0.6	0.651152823844	1.90230564769
extinguished	2	0.4	0.37947331922	1.15894663844
relinquished	2	0.4	0.37947331922	1.15894663844
adventure	2	0.2	0.3577708764	0.9155417528
invasion	2	0.2	0.3577708764	0.9155417528
banks	12	1.2	1.30230564769	3.80461129538
held	5	0.2	0.3577708764	0.9155417528
van	3	0.6	1.0733126292	2.7466252584
communities	3	0.4	0.37947331922	1.15894663844
adventurous	1	0.2	0.3577708764	0.9155417528
instructions	2	0.6	0.651152823844	1.90230564769
hereafter	2	0.2	0.3577708764	0.9155417528
always	5	2.8	0.748331477355	4.29666295471
habits	2	0.4	0.7155417528	1.8310835056
characterized	3	0.6	1.0733126292	2.7466252584
beneficent	1	0.2	0.3577708764	0.9155417528
foxes	1	0.2	0.3577708764	0.9155417528
acting	2	0.2	0.3577708764	0.9155417528
issue	6	0.8	0.75894663844	2.31789327688
reason	10	3.0	2.19089023002	7.38178046004
term	2	0.6	0.651152823844	1.90230564769
benefits	4	1.4	0.8049844719	3.0099689438
tribes	11	3.4	2.26450877675	7.92901755351
cheering	1	0.2	0.3577708764	0.9155417528
fruit	1	0.2	0.3577708764	0.9155417528
exhibited	2	0.4	0.37947331922	1.15894663844
feel	4	1.4	1.02761860629	3.45523721259
passed	6	1.8	1.91415777824	5.62831555648
hundred	1	0.2	0.3577708764	0.9155417528
treasurer	1	0.2	0.3577708764	0.9155417528
jefferson	1	0.2	0.3577708764	0.9155417528
king	4	0.4	0.7155417528	1.8310835056
double	1	0.2	0.3577708764	0.9155417528
anticipate	3	0.4	0.37947331922	1.15894663844
beneficial	5	0.8	0.551361950084	1.90272390017
temptations	2	0.4	0.7155417528	1.8310835056
rewards	2	0.4	0.7155417528	1.8310835056
salutary	4	1.2	1.30230564769	3.80461129538
railroads	1	0.2	0.3577708764	0.9155417528
cherokee	1	0.2	0.3577708764	0.9155417528
also	13	6.2	3.37045990927	12.9409198185
frauds	1	0.2	0.3577708764	0.9155417528
72	1	0.2	0.3577708764	0.9155417528
undisguised	1	0.2	0.3577708764	0.9155417528
creeks	1	0.2	0.3577708764	0.9155417528
reestablished	1	0.2	0.3577708764	0.9155417528
institutions	12	4.2	2.56124969497	9.32249938995
obligations	5	1.2	0.521536192416	2.24307238483
excessive	2	0.2	0.3577708764	0.9155417528
less	7	4.0	1.09544511501	6.19089023002
indian	16	3.4	2.74372010234	8.88744020469
8	2	0.2	0.3577708764	0.9155417528
combinations	4	0.4	0.7155417528	1.8310835056
unbounded	1	0.2	0.3577708764	0.9155417528
sex	1	0.2	0.3577708764	0.9155417528
declined	2	0.2	0.3577708764	0.9155417528
prevails	2	0.2	0.3577708764	0.9155417528
available	3	0.8	0.551361950084	1.90272390017
opposition	4	0.4	0.7155417528	1.8310835056
both	9	4.4	2.0591260282	8.51825205639
sensitive	1	0.2	0.3577708764	0.9155417528
connection	4	1.0	0.632455532034	2.26491106407
became	2	0.8	0.551361950084	1.90272390017
regulates	1	0.2	0.3577708764	0.9155417528
point	5	2.0	1.41421356237	4.82842712475
acted	3	0.6	1.0733126292	2.7466252584
ravages	1	0.2	0.3577708764	0.9155417528
community	9	1.6	1.10272390017	3.80544780033
maintenance	2	0.4	0.37947331922	1.15894663844
extends	2	0.2	0.3577708764	0.9155417528
extreme	1	0.2	0.3577708764	0.9155417528
exempt	2	0.8	0.551361950084	1.90272390017
animated	1	0.2	0.3577708764	0.9155417528
century	2	0.4	0.37947331922	1.15894663844
encountered	1	0.2	0.3577708764	0.9155417528
owes	1	0.2	0.3577708764	0.9155417528
grant	2	0.2	0.3577708764	0.9155417528
belong	2	0.4	0.37947331922	1.15894663844
widely	2	0.2	0.3577708764	0.9155417528
proved	2	0.8	0.551361950084	1.90272390017
aggregate	2	0.6	0.651152823844	1.90230564769
usefully	2	0.4	0.37947331922	1.15894663844
herewith	4	1.2	0.521536192416	2.24307238483
self	2	0.6	0.309838667697	1.21967733539
intervals	1	0.2	0.3577708764	0.9155417528
questions	3	0.6	0.309838667697	1.21967733539
discipline	2	0.6	0.309838667697	1.21967733539
violations	2	0.2	0.3577708764	0.9155417528
excited	2	0.2	0.3577708764	0.9155417528
demands	2	0.8	0.551361950084	1.90272390017
unlimited	1	0.2	0.3577708764	0.9155417528
redeem	2	0.2	0.3577708764	0.9155417528
private	9	2.6	2.54715527599	7.69431055198
imposed	3	0.4	0.37947331922	1.15894663844
continue	7	2.6	1.01980390272	4.63960780544
absolutely	1	0.2	0.3577708764	0.9155417528
obliged	2	0.2	0.3577708764	0.9155417528
strongest	2	0.4	0.7155417528	1.8310835056
gradually	2	0.4	0.37947331922	1.15894663844
decision	5	1.6	0.8	3.2
civilization	3	0.4	0.7155417528	1.8310835056
measures	7	4.2	1.16619037897	6.53238075794
property	3	1.4	0.49799598392	2.39599196784
faith	3	1.2	0.885437744847	2.97087548969
regular	3	0.4	0.37947331922	1.15894663844
mouth	1	0.2	0.3577708764	0.9155417528
commanding	3	0.4	0.37947331922	1.15894663844
undertaken	1	0.2	0.3577708764	0.9155417528
hoped	4	2.2	0.6260990337	3.4521980674
fisheries	1	0.2	0.3577708764	0.9155417528
properly	3	0.2	0.3577708764	0.9155417528
characteristic	1	0.2	0.3577708764	0.9155417528
constant	3	1.0	0.4472135955	1.894427191
recent	3	1.2	0.885437744847	2.97087548969
application	6	1.6	1.64438438329	4.88876876658
reputation	1	0.2	0.3577708764	0.9155417528
confine	1	0.2	0.3577708764	0.9155417528
prosecution	3	1.2	0.885437744847	2.97087548969
rightful	1	0.2	0.3577708764	0.9155417528
ago	1	0.2	0.3577708764	0.9155417528
speculations	1	0.2	0.3577708764	0.9155417528
fresh	1	0.2	0.3577708764	0.9155417528
everywhere	2	0.8	0.551361950084	1.90272390017
issued	1	0.2	0.3577708764	0.9155417528
resistance	2	0.4	0.37947331922	1.15894663844
farms	1	0.2	0.3577708764	0.9155417528
issues	3	0.6	0.651152823844	1.90230564769
furnished	2	0.4	0.7155417528	1.8310835056
excluded	2	0.4	0.37947331922	1.15894663844
stable	1	0.2	0.3577708764	0.9155417528
maryland	4	0.4	0.37947331922	1.15894663844
friendly	6	2.6	1.62480768093	5.84961536185
confirmation	1	0.2	0.3577708764	0.9155417528
seized	1	0.2	0.3577708764	0.9155417528
specific	1	0.2	0.3577708764	0.9155417528
ending	3	0.4	0.37947331922	1.15894663844
entire	7	2.4	1.2	4.8
depositories	2	0.4	0.7155417528	1.8310835056
concluded	4	2.0	0.894427191	3.788854382
smaller	1	0.2	0.3577708764	0.9155417528
capital	5	0.6	0.309838667697	1.21967733539
judges	2	0.2	0.3577708764	0.9155417528
northern	1	0.2	0.3577708764	0.9155417528
30	2	0.6	0.309838667697	1.21967733539
repel	1	0.2	0.3577708764	0.9155417528
principally	2	0.4	0.37947331922	1.15894663844
opinion	10	4.0	2.19089023002	8.38178046004
honor	6	2.0	1.09544511501	4.19089023002
examinations	2	0.2	0.3577708764	0.9155417528
next	4	2.2	0.748331477355	3.69666295471
manufactures	3	1.2	0.885437744847	2.97087548969
possession	4	0.6	0.651152823844	1.90230564769
impress	1	0.2	0.3577708764	0.9155417528
charity	1	0.2	0.3577708764	0.9155417528
challenge	1	0.2	0.3577708764	0.9155417528
proof	1	0.2	0.3577708764	0.9155417528
purposes	6	2.2	1.26174482365	4.72348964729
fulfillment	2	0.6	0.651152823844	1.90230564769
united	60	23.8	6.52380257212	36.8476051442
delay	3	1.0	0.894427191	2.788854382
sentiments	2	0.4	0.37947331922	1.15894663844
instead	2	0.4	0.37947331922	1.15894663844
relates	3	0.4	0.37947331922	1.15894663844
collection	2	0.4	0.7155417528	1.8310835056
chiefs	1	0.2	0.3577708764	0.9155417528
subsequently	3	0.6	0.651152823844	1.90230564769
doubtful	2	0.2	0.3577708764	0.9155417528
including	2	1.0	0.4472135955	1.894427191
agricultural	2	0.6	0.651152823844	1.90230564769
enactments	3	0.2	0.3577708764	0.9155417528
industrious	1	0.2	0.3577708764	0.9155417528
criminal	4	0.4	0.37947331922	1.15894663844
designs	1	0.2	0.3577708764	0.9155417528
occasions	3	0.6	0.651152823844	1.90230564769
february	3	0.2	0.3577708764	0.9155417528
installment	2	0.2	0.3577708764	0.9155417528
secures	1	0.2	0.3577708764	0.9155417528
transmitted	2	0.4	0.37947331922	1.15894663844
disregard	1	0.2	0.3577708764	0.9155417528
expressly	1	0.2	0.3577708764	0.9155417528
aggravated	2	0.6	0.651152823844	1.90230564769
books	2	0.2	0.3577708764	0.9155417528
agriculture	4	0.4	0.37947331922	1.15894663844
respects	4	1.6	1.10272390017	3.80544780033
frontier	4	1.0	0.894427191	2.788854382
settlement	6	2.2	1.67092788594	5.54185577187
recommendations	2	0.2	0.3577708764	0.9155417528
conflicts	2	0.6	0.651152823844	1.90230564769
embarrass	2	0.2	0.3577708764	0.9155417528
hostile	2	0.4	0.37947331922	1.15894663844
length	2	0.6	0.309838667697	1.21967733539
disposed	2	0.4	0.37947331922	1.15894663844
legislative	8	1.6	0.963327566303	3.52665513261
ancient	1	0.2	0.3577708764	0.9155417528
attack	1	0.2	0.3577708764	0.9155417528
armament	1	0.2	0.3577708764	0.9155417528
individual	7	2.8	1.16619037897	5.13238075794
visited	1	0.2	0.3577708764	0.9155417528
enforced	1	0.2	0.3577708764	0.9155417528
striking	2	0.6	0.309838667697	1.21967733539
border	3	0.8	0.987927122818	2.77585424564
competency	1	0.2	0.3577708764	0.9155417528
class	3	0.6	0.309838667697	1.21967733539
neighboring	2	0.6	0.651152823844	1.90230564769
proceedings	4	0.4	0.37947331922	1.15894663844
agreed	2	0.4	0.37947331922	1.15894663844
principal	3	1.6	0.489897948557	2.57979589711
entangling	1	0.2	0.3577708764	0.9155417528
bonds	3	0.2	0.3577708764	0.9155417528
legitimate	1	0.2	0.3577708764	0.9155417528
unfrequently	1	0.2	0.3577708764	0.9155417528
postponing	2	0.2	0.3577708764	0.9155417528
mentioned	4	0.4	0.7155417528	1.8310835056
humane	1	0.2	0.3577708764	0.9155417528
watchfulness	1	0.2	0.3577708764	0.9155417528
firmness	1	0.2	0.3577708764	0.9155417528
withstanding	1	0.2	0.3577708764	0.9155417528
declining	2	0.2	0.3577708764	0.9155417528
instant	1	0.2	0.3577708764	0.9155417528
invited	2	0.6	0.651152823844	1.90230564769
attributed	2	0.2	0.3577708764	0.9155417528
fulfilled	1	0.2	0.3577708764	0.9155417528
april	2	0.8	0.551361950084	1.90272390017
reluctance	1	0.2	0.3577708764	0.9155417528
habitual	1	0.2	0.3577708764	0.9155417528
respect	16	3.6	2.5392912397	8.67858247939
addition	3	1.0	0.894427191	2.788854382
restrain	1	0.2	0.3577708764	0.9155417528
confers	1	0.2	0.3577708764	0.9155417528
responsibility	1	0.2	0.3577708764	0.9155417528
abandoned	2	0.8	0.1788854382	1.1577708764
emigrants	1	0.2	0.3577708764	0.9155417528
restoration	3	0.6	0.651152823844	1.90230564769
annual	4	1.0	0.894427191	2.788854382
claimed	2	0.2	0.3577708764	0.9155417528
columbia	2	0.6	0.309838667697	1.21967733539
whale	1	0.2	0.3577708764	0.9155417528
center	1	0.2	0.3577708764	0.9155417528
position	2	0.4	0.37947331922	1.15894663844
sanguine	1	0.2	0.3577708764	0.9155417528
domestic	6	1.4	0.8049844719	3.0099689438
mistaken	1	0.2	0.3577708764	0.9155417528
evince	2	0.2	0.3577708764	0.9155417528
distant	2	1.0	0.4472135955	1.894427191
protecting	3	0.6	0.309838667697	1.21967733539
distress	1	0.2	0.3577708764	0.9155417528
unjust	1	0.2	0.3577708764	0.9155417528
recommending	2	0.8	0.551361950084	1.90272390017
religion	1	0.2	0.3577708764	0.9155417528
nor	12	5.6	1.8547236991	9.3094473982
citizen	2	0.8	0.551361950084	1.90272390017
belgium	1	0.2	0.3577708764	0.9155417528
amply	1	0.2	0.3577708764	0.9155417528
payments	6	0.8	0.551361950084	1.90272390017
because	4	1.0	0.894427191	2.788854382
motive	2	0.6	0.309838667697	1.21967733539
proper	8	3.0	2.40831891576	7.81663783152
triumphs	1	0.2	0.3577708764	0.9155417528
slight	1	0.2	0.3577708764	0.9155417528
reenforcement	1	0.2	0.3577708764	0.9155417528
trials	1	0.2	0.3577708764	0.9155417528
extension	2	0.4	0.7155417528	1.8310835056
freedom	2	0.4	0.37947331922	1.15894663844
sinister	1	0.2	0.3577708764	0.9155417528
buren	3	0.6	1.0733126292	2.7466252584
mississippi	4	1.6	1.15238882327	3.90477764654
repeal	2	0.2	0.3577708764	0.9155417528
commission	3	1.8	0.558569601751	2.9171392035
seminoles	4	0.4	0.7155417528	1.8310835056
incursions	2	0.6	0.651152823844	1.90230564769
courts	6	0.4	0.37947331922	1.15894663844
disbursement	3	0.4	0.37947331922	1.15894663844
wise	3	0.6	0.309838667697	1.21967733539
annuities	1	0.2	0.3577708764	0.9155417528
dangerous	4	0.8	0.551361950084	1.90272390017
official	9	1.4	1.36528385327	4.13056770654
demonstrate	1	0.2	0.3577708764	0.9155417528
threw	1	0.2	0.3577708764	0.9155417528
cordial	2	0.6	0.651152823844	1.90230564769
resumption	3	0.2	0.3577708764	0.9155417528
periods	2	0.4	0.37947331922	1.15894663844
mortification	1	0.2	0.3577708764	0.9155417528
compared	1	0.2	0.3577708764	0.9155417528
40	2	0.6	0.651152823844	1.90230564769
details	2	0.4	0.37947331922	1.15894663844
reckless	1	0.2	0.3577708764	0.9155417528
oppression	1	0.2	0.3577708764	0.9155417528
june	3	0.6	0.309838667697	1.21967733539
shown	5	0.2	0.3577708764	0.9155417528
intercourse	8	3.8	1.57225952056	6.94451904113
martin	2	0.4	0.7155417528	1.8310835056
portion	11	4.8	2.31516738056	9.43033476112
commencement	3	0.8	0.987927122818	2.77585424564
augmented	2	0.4	0.37947331922	1.15894663844
