unable	1	0.2	0.3577708764	0.9155417528
misunderstanding	1	0.2	0.3577708764	0.9155417528
look	2	0.8	0.551361950084	1.90272390017
disturb	2	0.4	0.37947331922	1.15894663844
lessen	2	0.2	0.3577708764	0.9155417528
contentions	1	0.2	0.3577708764	0.9155417528
practices	1	0.2	0.3577708764	0.9155417528
ordinary	2	0.6	0.651152823844	1.90230564769
wrong	2	0.2	0.3577708764	0.9155417528
fidelity	1	0.2	0.3577708764	0.9155417528
redress	2	0.4	0.37947331922	1.15894663844
aids	2	0.2	0.3577708764	0.9155417528
confirming	1	0.2	0.3577708764	0.9155417528
cordially	1	0.2	0.3577708764	0.9155417528
distance	1	0.2	0.3577708764	0.9155417528
acquisition	5	1.2	1.13841995766	3.47683991532
flow	1	0.2	0.3577708764	0.9155417528
accounted	1	0.2	0.3577708764	0.9155417528
embarking	1	0.2	0.3577708764	0.9155417528
orleans	3	0.2	0.3577708764	0.9155417528
debts	1	0.2	0.3577708764	0.9155417528
pursuing	2	0.4	0.37947331922	1.15894663844
discussions	1	0.2	0.3577708764	0.9155417528
installments	1	0.2	0.3577708764	0.9155417528
30th	2	0.6	0.651152823844	1.90230564769
proceeded	1	0.2	0.3577708764	0.9155417528
october	2	0.8	0.551361950084	1.90272390017
begin	1	0.2	0.3577708764	0.9155417528
theirs	1	0.2	0.3577708764	0.9155417528
obtaining	2	0.2	0.3577708764	0.9155417528
insult	1	0.2	0.3577708764	0.9155417528
quiet	1	0.2	0.3577708764	0.9155417528
permanently	1	0.2	0.3577708764	0.9155417528
sovereignty	3	0.2	0.3577708764	0.9155417528
advised	1	0.2	0.3577708764	0.9155417528
ascertaining	1	0.2	0.3577708764	0.9155417528
jurisdictional	1	0.2	0.3577708764	0.9155417528
observance	2	0.8	0.551361950084	1.90272390017
hospitality	1	0.2	0.3577708764	0.9155417528
dispositions	2	0.4	0.7155417528	1.8310835056
unfavorable	1	0.2	0.3577708764	0.9155417528
boats	1	0.2	0.3577708764	0.9155417528
entering	1	0.2	0.3577708764	0.9155417528
space	1	0.2	0.3577708764	0.9155417528
accommodation	1	0.2	0.3577708764	0.9155417528
millions	9	1.0	1.0	3.0
11	1	0.2	0.3577708764	0.9155417528
adopt	1	0.2	0.3577708764	0.9155417528
concern	1	0.2	0.3577708764	0.9155417528
sensibly	1	0.2	0.3577708764	0.9155417528
blessing	1	0.2	0.3577708764	0.9155417528
minds	1	0.2	0.3577708764	0.9155417528
streams	1	0.2	0.3577708764	0.9155417528
implements	1	0.2	0.3577708764	0.9155417528
privation	1	0.2	0.3577708764	0.9155417528
countenanced	1	0.2	0.3577708764	0.9155417528
tribe	1	0.2	0.3577708764	0.9155417528
louisiana	2	0.2	0.3577708764	0.9155417528
ensuing	2	0.4	0.37947331922	1.15894663844
scenes	1	0.2	0.3577708764	0.9155417528
applicable	1	0.2	0.3577708764	0.9155417528
extraordinary	2	0.4	0.37947331922	1.15894663844
recurring	1	0.2	0.3577708764	0.9155417528
threatens	1	0.2	0.3577708764	0.9155417528
friendship	5	2.0	1.26491106407	4.52982212813
sanction	2	0.4	0.37947331922	1.15894663844
peaceable	1	0.2	0.3577708764	0.9155417528
jefferson	3	0.4	0.37947331922	1.15894663844
approved	1	0.2	0.3577708764	0.9155417528
western	2	0.8	0.551361950084	1.90272390017
conditions	3	1.0	0.894427191	2.788854382
northeastern	1	0.2	0.3577708764	0.9155417528
ravages	1	0.2	0.3577708764	0.9155417528
prices	1	0.2	0.3577708764	0.9155417528
conflict	1	0.2	0.3577708764	0.9155417528
supersede	2	0.2	0.3577708764	0.9155417528
useful	5	2.0	1.26491106407	4.52982212813
controversies	1	0.2	0.3577708764	0.9155417528
usurp	1	0.2	0.3577708764	0.9155417528
confine	1	0.2	0.3577708764	0.9155417528
cultivating	1	0.2	0.3577708764	0.9155417528
concernment	1	0.2	0.3577708764	0.9155417528
maintain	4	1.8	1.05451410612	3.90902821223
turn	1	0.2	0.3577708764	0.9155417528
let	2	0.4	0.7155417528	1.8310835056
fifteen	1	0.2	0.3577708764	0.9155417528
distresses	1	0.2	0.3577708764	0.9155417528
constitutionally	1	0.2	0.3577708764	0.9155417528
rapidity	1	0.2	0.3577708764	0.9155417528
provisional	1	0.2	0.3577708764	0.9155417528
commodities	1	0.2	0.3577708764	0.9155417528
diminution	1	0.2	0.3577708764	0.9155417528
instruments	1	0.2	0.3577708764	0.9155417528
kindness	1	0.2	0.3577708764	0.9155417528
intermediate	1	0.2	0.3577708764	0.9155417528
subsisting	1	0.2	0.3577708764	0.9155417528
yourselves	1	0.2	0.3577708764	0.9155417528
calling	1	0.2	0.3577708764	0.9155417528
acquired	2	0.4	0.37947331922	1.15894663844
calamitous	1	0.2	0.3577708764	0.9155417528
position	2	0.6	0.651152823844	1.90230564769
loss	2	0.6	0.651152823844	1.90230564769
imperfectly	1	0.2	0.3577708764	0.9155417528
posterity	1	0.2	0.3577708764	0.9155417528
neutral	3	1.2	0.4	2.0
illinois	1	0.2	0.3577708764	0.9155417528
8th	1	0.2	0.3577708764	0.9155417528
