four	4	0.8	0.75894663844	2.31789327688
facilities	2	0.6	0.651152823844	1.90230564769
magistrate	1	0.2	0.3577708764	0.9155417528
assembled	2	0.2	0.3577708764	0.9155417528
under	33	11.6	7.76144316477	27.1228863295
govern	1	0.2	0.3577708764	0.9155417528
affect	3	0.4	0.7155417528	1.8310835056
disturb	2	0.8	0.551361950084	1.90272390017
likely	2	0.6	0.309838667697	1.21967733539
evermore	1	0.2	0.3577708764	0.9155417528
liberty	4	1.2	0.885437744847	2.97087548969
above	4	0.4	0.37947331922	1.15894663844
prussia	1	0.2	0.3577708764	0.9155417528
leaves	2	0.2	0.3577708764	0.9155417528
envoy	2	0.2	0.3577708764	0.9155417528
ground	3	0.8	0.551361950084	1.90272390017
brought	5	1.2	1.2585706178	3.71714123561
moral	2	0.6	0.651152823844	1.90230564769
cherishing	1	0.2	0.3577708764	0.9155417528
would	42	11.8	7.67854152818	27.1570830564
marine	1	0.2	0.3577708764	0.9155417528
arms	2	0.4	0.37947331922	1.15894663844
panoply	1	0.2	0.3577708764	0.9155417528
preserved	2	0.4	0.37947331922	1.15894663844
modification	2	0.2	0.3577708764	0.9155417528
tranquillity	3	1.0	0.632455532034	2.26491106407
berlin	2	0.2	0.3577708764	0.9155417528
circumstances	6	2.6	1.35646599663	5.31293199325
interposition	1	0.2	0.3577708764	0.9155417528
entertained	3	0.8	0.987927122818	2.77585424564
mr	4	0.6	0.651152823844	1.90230564769
revenues	2	1.0	0.4472135955	1.894427191
my	10	5.2	2.31516738056	9.83033476112
sinking	1	0.2	0.3577708764	0.9155417528
transition	1	0.2	0.3577708764	0.9155417528
indifferent	1	0.2	0.3577708764	0.9155417528
attract	1	0.2	0.3577708764	0.9155417528
advancing	3	1.0	0.632455532034	2.26491106407
ratification	3	0.6	0.309838667697	1.21967733539
description	1	0.2	0.3577708764	0.9155417528
hence	1	0.2	0.3577708764	0.9155417528
destined	5	1.0	0.632455532034	2.26491106407
stimulates	1	0.2	0.3577708764	0.9155417528
alienate	1	0.2	0.3577708764	0.9155417528
enter	1	0.2	0.3577708764	0.9155417528
gratification	4	0.4	0.37947331922	1.15894663844
remuneration	1	0.2	0.3577708764	0.9155417528
germanic	1	0.2	0.3577708764	0.9155417528
each	9	3.0	1.67332005307	6.34664010614
reached	1	0.2	0.3577708764	0.9155417528
collector	1	0.2	0.3577708764	0.9155417528
borne	1	0.2	0.3577708764	0.9155417528
safety	5	1.6	1.15238882327	3.90477764654
affords	3	0.6	0.309838667697	1.21967733539
forth	1	0.2	0.3577708764	0.9155417528
foundation	3	0.6	0.651152823844	1.90230564769
threatened	5	0.4	0.7155417528	1.8310835056
free	8	3.0	2.14476105895	7.28952211791
violation	1	0.2	0.3577708764	0.9155417528
crowned	2	0.8	0.1788854382	1.1577708764
enlightened	2	1.0	0.0	1.0
messages	1	0.2	0.3577708764	0.9155417528
suitable	3	0.4	0.37947331922	1.15894663844
opportunity	2	1.0	0.4472135955	1.894427191
enabled	2	0.8	0.1788854382	1.1577708764
mind	5	1.2	0.885437744847	2.97087548969
principle	3	1.0	0.632455532034	2.26491106407
strength	3	0.6	0.309838667697	1.21967733539
neither	3	1.2	0.885437744847	2.97087548969
exercised	2	0.4	0.37947331922	1.15894663844
observation	2	0.6	0.651152823844	1.90230564769
consummate	1	0.2	0.3577708764	0.9155417528
attempts	2	0.2	0.3577708764	0.9155417528
enjoyed	3	0.4	0.7155417528	1.8310835056
submit	2	0.8	0.1788854382	1.1577708764
prevailed	2	0.8	0.551361950084	1.90272390017
delays	2	0.2	0.3577708764	0.9155417528
debts	3	0.4	0.37947331922	1.15894663844
rich	1	0.2	0.3577708764	0.9155417528
do	5	1.6	1.64438438329	4.88876876658
sense	4	0.8	0.551361950084	1.90272390017
judicious	2	0.6	0.651152823844	1.90230564769
spirit	6	2.8	1.1798304963	5.1596609926
altogether	6	0.8	0.987927122818	2.77585424564
quarters	1	0.2	0.3577708764	0.9155417528
unfortunately	1	0.2	0.3577708764	0.9155417528
adherence	1	0.2	0.3577708764	0.9155417528
steam	4	0.4	0.7155417528	1.8310835056
expediency	2	1.0	0.4472135955	1.894427191
consummation	2	0.6	0.651152823844	1.90230564769
disturbing	1	0.2	0.3577708764	0.9155417528
best	9	2.2	2.27859605898	6.75719211796
away	4	1.0	0.4472135955	1.894427191
we	22	11.0	5.42217668469	21.8443533694
were	20	8.4	4.07921561087	16.5584312217
retirement	2	0.4	0.37947331922	1.15894663844
extent	6	3.2	0.748331477355	4.69666295471
ill	1	0.2	0.3577708764	0.9155417528
regions	3	0.4	0.37947331922	1.15894663844
exceeds	1	0.2	0.3577708764	0.9155417528
negotiation	8	1.4	0.8049844719	3.0099689438
wider	1	0.2	0.3577708764	0.9155417528
interest	16	6.0	2.2803508502	10.5607017004
entered	2	0.4	0.37947331922	1.15894663844
vigilance	4	0.6	0.651152823844	1.90230564769
chili	1	0.2	0.3577708764	0.9155417528
apprehension	3	0.4	0.37947331922	1.15894663844
procedure	1	0.2	0.3577708764	0.9155417528
congratulation	1	0.2	0.3577708764	0.9155417528
mexico	26	5.6	6.51889561199	18.637791224
make	7	2.0	1.09544511501	4.19089023002
unfortunate	1	0.2	0.3577708764	0.9155417528
greatest	5	1.2	0.885437744847	2.97087548969
opinions	2	0.6	0.309838667697	1.21967733539
world	9	1.6	0.903327183251	3.4066543665
alluded	2	0.2	0.3577708764	0.9155417528
followed	2	0.2	0.3577708764	0.9155417528
adding	1	0.2	0.3577708764	0.9155417528
zeal	2	0.2	0.3577708764	0.9155417528
securities	1	0.2	0.3577708764	0.9155417528
security	4	1.6	0.726636084983	3.05327216997
people	23	7.6	5.91945943478	19.4389188696
flatter	1	0.2	0.3577708764	0.9155417528
congratulate	2	0.6	0.309838667697	1.21967733539
payment	6	2.4	1.21983605456	4.83967210912
illustration	1	0.2	0.3577708764	0.9155417528
upward	4	1.0	1.3416407865	3.683281573
manufacturing	1	0.2	0.3577708764	0.9155417528
permitted	4	1.4	0.8049844719	3.0099689438
attacks	1	0.2	0.3577708764	0.9155417528
hostilities	3	0.6	0.651152823844	1.90230564769
cherish	2	0.4	0.37947331922	1.15894663844
eight	2	0.6	0.651152823844	1.90230564769
efforts	8	1.2	1.2585706178	3.71714123561
formidable	6	0.8	0.75894663844	2.31789327688
constantly	2	0.4	0.37947331922	1.15894663844
accordingly	1	0.2	0.3577708764	0.9155417528
happy	6	2.0	1.26491106407	4.52982212813
head	2	0.4	0.37947331922	1.15894663844
esteemed	2	0.2	0.3577708764	0.9155417528
becoming	3	0.4	0.7155417528	1.8310835056
true	8	1.4	1.20664825032	3.81329650064
harmony	2	0.6	0.309838667697	1.21967733539
until	4	1.0	0.4472135955	1.894427191
adorn	1	0.2	0.3577708764	0.9155417528
mails	1	0.2	0.3577708764	0.9155417528
stronger	1	0.2	0.3577708764	0.9155417528
no	41	13.8	9.62081077664	33.0416215533
setting	2	0.2	0.3577708764	0.9155417528
felt	4	1.4	0.49799598392	2.39599196784
daily	2	0.4	0.37947331922	1.15894663844
beneficially	1	0.2	0.3577708764	0.9155417528
privilege	1	0.2	0.3577708764	0.9155417528
neighbors	1	0.2	0.3577708764	0.9155417528
known	6	1.0	1.0	3.0
selection	4	0.2	0.3577708764	0.9155417528
battle	1	0.2	0.3577708764	0.9155417528
certainly	1	0.2	0.3577708764	0.9155417528
universe	2	0.8	0.551361950084	1.90272390017
charge	3	0.4	0.7155417528	1.8310835056
must	8	3.0	1.73205080757	6.46410161514
me	8	2.2	1.67092788594	5.54185577187
supposition	1	0.2	0.3577708764	0.9155417528
presented	5	1.4	1.36528385327	4.13056770654
did	1	0.2	0.3577708764	0.9155417528
prevent	5	0.6	0.651152823844	1.90230564769
brave	1	0.2	0.3577708764	0.9155417528
regret	3	1.4	0.49799598392	2.39599196784
feeling	3	1.2	0.521536192416	2.24307238483
observance	4	1.2	0.521536192416	2.24307238483
run	1	0.2	0.3577708764	0.9155417528
falling	1	0.2	0.3577708764	0.9155417528
amounting	1	0.2	0.3577708764	0.9155417528
unforeseen	1	0.2	0.3577708764	0.9155417528
lakes	2	0.6	0.651152823844	1.90230564769
unadjusted	2	0.6	0.651152823844	1.90230564769
commonly	1	0.2	0.3577708764	0.9155417528
trial	1	0.2	0.3577708764	0.9155417528
patriotic	1	0.2	0.3577708764	0.9155417528
love	2	0.2	0.3577708764	0.9155417528
morals	1	0.2	0.3577708764	0.9155417528
patriots	1	0.2	0.3577708764	0.9155417528
prompt	4	0.8	1.4310835056	3.6621670112
abroad	2	0.6	0.651152823844	1.90230564769
forced	1	0.2	0.3577708764	0.9155417528
preserving	2	0.8	0.1788854382	1.1577708764
afford	2	0.8	0.551361950084	1.90272390017
oregon	1	0.2	0.3577708764	0.9155417528
effort	2	0.6	0.651152823844	1.90230564769
behalf	2	0.4	0.37947331922	1.15894663844
involve	3	0.2	0.3577708764	0.9155417528
believed	3	0.8	0.987927122818	2.77585424564
december	3	1.8	0.558569601751	2.9171392035
vital	1	0.2	0.3577708764	0.9155417528
economy	2	0.6	0.651152823844	1.90230564769
foreigners	1	0.2	0.3577708764	0.9155417528
4th	1	0.2	0.3577708764	0.9155417528
designed	2	0.6	0.651152823844	1.90230564769
partake	1	0.2	0.3577708764	0.9155417528
inform	3	0.8	0.551361950084	1.90272390017
representation	1	0.2	0.3577708764	0.9155417528
travel	2	0.4	0.7155417528	1.8310835056
constituents	2	1.0	0.4472135955	1.894427191
texas	27	2.2	2.61839645585	7.4367929117
emigrants	2	0.4	0.37947331922	1.15894663844
correspondence	3	1.0	0.894427191	2.788854382
sooner	1	0.2	0.3577708764	0.9155417528
qualified	1	0.2	0.3577708764	0.9155417528
provision	4	1.8	0.748331477355	3.29666295471
entirely	4	1.0	1.0	3.0
sympathies	1	0.2	0.3577708764	0.9155417528
avoided	2	0.4	0.37947331922	1.15894663844
accomplish	2	0.6	0.651152823844	1.90230564769
contained	2	0.4	0.37947331922	1.15894663844
receiving	1	0.2	0.3577708764	0.9155417528
advance	7	1.2	0.521536192416	2.24307238483
honest	1	0.2	0.3577708764	0.9155417528
place	8	2.4	1.04307238483	4.48614476966
message	4	0.6	0.651152823844	1.90230564769
season	4	1.0	0.894427191	2.788854382
taxation	1	0.2	0.3577708764	0.9155417528
future	5	2.4	1.01980390272	4.43960780544
san	1	0.2	0.3577708764	0.9155417528
revolt	1	0.2	0.3577708764	0.9155417528
say	3	0.6	0.651152823844	1.90230564769
recover	1	0.2	0.3577708764	0.9155417528
invite	4	0.6	0.309838667697	1.21967733539
prosperity	8	2.6	0.942337519151	4.4846750383
fictitious	1	0.2	0.3577708764	0.9155417528
take	6	1.8	1.22963409192	4.25926818383
falls	3	0.2	0.3577708764	0.9155417528
creditable	1	0.2	0.3577708764	0.9155417528
peaceful	1	0.2	0.3577708764	0.9155417528
operate	2	0.4	0.7155417528	1.8310835056
considered	2	0.8	0.551361950084	1.90272390017
adopt	3	0.4	0.37947331922	1.15894663844
urge	3	0.2	0.3577708764	0.9155417528
surplus	6	0.8	0.987927122818	2.77585424564
regulated	3	0.4	0.37947331922	1.15894663844
3	2	0.8	0.551361950084	1.90272390017
soon	3	1.4	0.49799598392	2.39599196784
declared	2	0.8	0.551361950084	1.90272390017
labors	2	0.6	0.309838667697	1.21967733539
unaltered	1	0.2	0.3577708764	0.9155417528
rigidly	1	0.2	0.3577708764	0.9155417528
behind	1	0.2	0.3577708764	0.9155417528
superintending	1	0.2	0.3577708764	0.9155417528
cities	3	0.2	0.3577708764	0.9155417528
come	4	1.0	0.632455532034	2.26491106407
embarrassment	3	0.8	0.75894663844	2.31789327688
region	2	0.4	0.37947331922	1.15894663844
holders	1	0.2	0.3577708764	0.9155417528
considering	1	0.2	0.3577708764	0.9155417528
dangers	2	0.8	0.551361950084	1.90272390017
direction	2	0.6	0.651152823844	1.90230564769
transportation	3	0.8	0.551361950084	1.90272390017
offered	2	0.6	0.651152823844	1.90230564769
careful	1	0.2	0.3577708764	0.9155417528
myself	3	0.8	0.551361950084	1.90272390017
passes	1	0.2	0.3577708764	0.9155417528
reference	5	1.6	0.726636084983	3.05327216997
without	19	7.8	4.35430821142	16.5086164228
disbursing	1	0.2	0.3577708764	0.9155417528
rest	2	0.8	0.551361950084	1.90272390017
aspect	1	0.2	0.3577708764	0.9155417528
rigid	2	0.4	0.37947331922	1.15894663844
reach	1	0.2	0.3577708764	0.9155417528
preference	1	0.2	0.3577708764	0.9155417528
reap	1	0.2	0.3577708764	0.9155417528
serious	5	1.0	1.0	3.0
competition	1	0.2	0.3577708764	0.9155417528
duration	1	0.2	0.3577708764	0.9155417528
footing	2	0.4	0.7155417528	1.8310835056
ratifications	2	1.0	0.4472135955	1.894427191
throw	1	0.2	0.3577708764	0.9155417528
earlier	1	0.2	0.3577708764	0.9155417528
determine	2	0.4	0.37947331922	1.15894663844
her	31	4.6	6.21095805814	17.0219161163
assumed	1	0.2	0.3577708764	0.9155417528
recommends	1	0.2	0.3577708764	0.9155417528
complete	2	0.4	0.37947331922	1.15894663844
amongst	4	0.6	0.651152823844	1.90230564769
longer	3	0.6	1.0733126292	2.7466252584
strongly	3	0.2	0.3577708764	0.9155417528
gone	1	0.2	0.3577708764	0.9155417528
deep	2	0.2	0.3577708764	0.9155417528
substantially	1	0.2	0.3577708764	0.9155417528
senate	6	2.8	1.16619037897	5.13238075794
onerous	1	0.2	0.3577708764	0.9155417528
separate	2	0.6	0.651152823844	1.90230564769
important	12	5.8	2.99332590942	11.7866518188
prudent	3	0.4	0.37947331922	1.15894663844
work	2	0.6	0.309838667697	1.21967733539
embracing	1	0.2	0.3577708764	0.9155417528
resolution	2	0.6	0.651152823844	1.90230564769
legislatures	1	0.2	0.3577708764	0.9155417528
ceased	3	0.6	0.309838667697	1.21967733539
religious	2	0.2	0.3577708764	0.9155417528
causes	2	0.6	0.651152823844	1.90230564769
subjected	3	0.4	0.37947331922	1.15894663844
far	8	4.0	1.8973665961	7.7947331922
induce	3	0.2	0.3577708764	0.9155417528
fall	2	0.2	0.3577708764	0.9155417528
accompanying	4	1.2	1.2585706178	3.71714123561
neighborhood	1	0.2	0.3577708764	0.9155417528
deeply	2	0.8	0.551361950084	1.90272390017
disbursed	1	0.2	0.3577708764	0.9155417528
full	7	2.2	1.26174482365	4.72348964729
strong	3	0.8	0.551361950084	1.90272390017
1841	2	0.4	0.7155417528	1.8310835056
amount	11	4.6	2.53140277317	9.66280554633
action	8	2.0	1.788854382	5.577708764
authorize	2	0.4	0.37947331922	1.15894663844
africa	2	0.4	0.7155417528	1.8310835056
readily	1	0.2	0.3577708764	0.9155417528
eye	1	0.2	0.3577708764	0.9155417528
britannic	2	0.2	0.3577708764	0.9155417528
contains	2	0.2	0.3577708764	0.9155417528
taken	7	2.2	0.748331477355	3.69666295471
injury	2	0.2	0.3577708764	0.9155417528
heightened	1	0.2	0.3577708764	0.9155417528
suffered	1	0.2	0.3577708764	0.9155417528
remain	6	1.8	1.16619037897	4.13238075794
nine	1	0.2	0.3577708764	0.9155417528
treaty	22	5.4	1.35646599663	8.11293199325
neglected	1	0.2	0.3577708764	0.9155417528
way	4	1.6	0.963327566303	3.52665513261
cultivate	4	0.8	0.551361950084	1.90272390017
deplored	1	0.2	0.3577708764	0.9155417528
firmly	1	0.2	0.3577708764	0.9155417528
agitating	1	0.2	0.3577708764	0.9155417528
coming	1	0.2	0.3577708764	0.9155417528
invasion	3	0.4	0.7155417528	1.8310835056
acquisitions	1	0.2	0.3577708764	0.9155417528
chiefly	1	0.2	0.3577708764	0.9155417528
mexican	2	0.4	0.7155417528	1.8310835056
magnanimity	1	0.2	0.3577708764	0.9155417528
through	9	2.6	2.08230641357	6.76461282714
brig	1	0.2	0.3577708764	0.9155417528
resort	3	0.6	0.651152823844	1.90230564769
suggestions	2	0.4	0.7155417528	1.8310835056
instructions	4	0.6	0.651152823844	1.90230564769
found	10	3.2	2.13541565041	7.47083130081
residing	2	0.2	0.3577708764	0.9155417528
engendered	1	0.2	0.3577708764	0.9155417528
beyond	5	1.0	0.632455532034	2.26491106407
event	4	0.4	0.37947331922	1.15894663844
acting	3	0.6	0.651152823844	1.90230564769
armaments	1	0.2	0.3577708764	0.9155417528
flowed	1	0.2	0.3577708764	0.9155417528
benefits	4	1.2	1.2585706178	3.71714123561
just	4	2.0	0.632455532034	3.26491106407
conducted	3	0.2	0.3577708764	0.9155417528
consequence	6	2.2	1.89525723848	5.99051447695
exhibited	2	0.8	0.551361950084	1.90272390017
enlarged	2	0.4	0.7155417528	1.8310835056
done	6	0.4	0.37947331922	1.15894663844
obedience	1	0.2	0.3577708764	0.9155417528
sentiment	3	1.2	0.885437744847	2.97087548969
jurisdiction	2	0.8	0.551361950084	1.90272390017
outstanding	3	0.6	0.651152823844	1.90230564769
notwithstanding	2	0.2	0.3577708764	0.9155417528
recognizing	1	0.2	0.3577708764	0.9155417528
command	3	1.0	0.632455532034	2.26491106407
jacinto	1	0.2	0.3577708764	0.9155417528
undertaken	2	0.4	0.37947331922	1.15894663844
nothing	6	1.2	1.70176379089	4.60352758179
levied	2	0.2	0.3577708764	0.9155417528
giving	3	0.8	0.551361950084	1.90272390017
expedients	1	0.2	0.3577708764	0.9155417528
forcible	1	0.2	0.3577708764	0.9155417528
find	3	0.8	0.551361950084	1.90272390017
northern	1	0.2	0.3577708764	0.9155417528
annexation	13	0.2	0.3577708764	0.9155417528
proclaim	1	0.2	0.3577708764	0.9155417528
banking	2	0.4	0.7155417528	1.8310835056
precaution	1	0.2	0.3577708764	0.9155417528
rapid	2	0.4	0.7155417528	1.8310835056
remaining	2	0.6	0.309838667697	1.21967733539
legislature	3	1.0	0.894427191	2.788854382
both	13	5.8	2.4819347292	10.7638694584
foreign	11	4.6	2.65329983228	9.90659966457
became	2	0.6	0.651152823844	1.90230564769
acted	3	0.6	1.0733126292	2.7466252584
asserted	1	0.2	0.3577708764	0.9155417528
political	7	2.8	1.6099689438	6.0199378876
extravagant	1	0.2	0.3577708764	0.9155417528
meeting	2	1.0	0.4472135955	1.894427191
lived	1	0.2	0.3577708764	0.9155417528
prices	1	0.2	0.3577708764	0.9155417528
twenty	1	0.2	0.3577708764	0.9155417528
denominations	1	0.2	0.3577708764	0.9155417528
itself	11	3.2	1.3084341787	5.81686835741
ready	4	0.4	0.37947331922	1.15894663844
result	8	2.2	1.73896520954	5.67793041909
seek	2	0.4	0.37947331922	1.15894663844
conflict	3	0.4	0.37947331922	1.15894663844
negotiate	2	0.2	0.3577708764	0.9155417528
person	1	0.2	0.3577708764	0.9155417528
1789	1	0.2	0.3577708764	0.9155417528
macedonian	1	0.2	0.3577708764	0.9155417528
questions	4	0.8	0.987927122818	2.77585424564
vigilant	1	0.2	0.3577708764	0.9155417528
continent	3	0.8	0.551361950084	1.90272390017
majority	2	0.6	0.651152823844	1.90230564769
admission	1	0.2	0.3577708764	0.9155417528
exclusively	1	0.2	0.3577708764	0.9155417528
complaint	3	0.4	0.37947331922	1.15894663844
matters	9	1.2	0.619677335393	2.43935467079
imposed	3	0.8	0.987927122818	2.77585424564
lost	2	0.2	0.3577708764	0.9155417528
resorted	2	0.6	0.651152823844	1.90230564769
continue	7	2.8	2.04743742273	6.89487484546
popular	4	0.4	0.7155417528	1.8310835056
waged	2	0.6	0.651152823844	1.90230564769
strongest	3	0.4	0.7155417528	1.8310835056
experienced	2	0.2	0.3577708764	0.9155417528
decision	5	1.8	1.5205262247	4.8410524494
shall	11	6.4	1.62480768093	9.64961536185
be	135	68.8	30.2218464029	129.243692806
deserves	1	0.2	0.3577708764	0.9155417528
range	1	0.2	0.3577708764	0.9155417528
repair	1	0.2	0.3577708764	0.9155417528
governed	2	0.4	0.7155417528	1.8310835056
question	9	2.0	2.2803508502	6.5607017004
live	4	0.2	0.3577708764	0.9155417528
forward	1	0.2	0.3577708764	0.9155417528
considerably	1	0.2	0.3577708764	0.9155417528
withholding	1	0.2	0.3577708764	0.9155417528
line	5	1.0	1.0	3.0
considerable	2	0.8	0.551361950084	1.90272390017
directed	4	1.2	0.885437744847	2.97087548969
sort	2	0.2	0.3577708764	0.9155417528
spain	2	0.8	0.551361950084	1.90272390017
consulted	1	0.2	0.3577708764	0.9155417528
formally	1	0.2	0.3577708764	0.9155417528
granada	1	0.2	0.3577708764	0.9155417528
peace	18	7.8	2.71293199325	13.2258639865
titles	1	0.2	0.3577708764	0.9155417528
prepared	1	0.2	0.3577708764	0.9155417528
urged	5	1.0	0.632455532034	2.26491106407
lead	2	0.6	0.651152823844	1.90230564769
age	2	0.6	0.651152823844	1.90230564769
having	7	2.0	1.09544511501	4.19089023002
issued	2	0.4	0.37947331922	1.15894663844
compact	2	0.4	0.7155417528	1.8310835056
barter	1	0.2	0.3577708764	0.9155417528
concerned	2	0.4	0.37947331922	1.15894663844
fatal	1	0.2	0.3577708764	0.9155417528
resources	5	1.8	1.16619037897	4.13238075794
seized	2	0.2	0.3577708764	0.9155417528
continues	2	0.8	0.551361950084	1.90272390017
timely	1	0.2	0.3577708764	0.9155417528
anxious	1	0.2	0.3577708764	0.9155417528
enforce	1	0.2	0.3577708764	0.9155417528
growing	6	0.6	0.309838667697	1.21967733539
saw	1	0.2	0.3577708764	0.9155417528
led	3	0.6	0.651152823844	1.90230564769
degree	5	1.4	1.36528385327	4.13056770654
highly	5	1.4	1.20664825032	3.81329650064
meet	4	1.6	0.726636084983	3.05327216997
great	31	11.2	6.24179461373	23.6835892275
involved	2	0.6	0.651152823844	1.90230564769
repel	2	0.2	0.3577708764	0.9155417528
apply	1	0.2	0.3577708764	0.9155417528
exciting	1	0.2	0.3577708764	0.9155417528
manifested	4	0.2	0.3577708764	0.9155417528
becomes	3	0.6	0.651152823844	1.90230564769
impress	1	0.2	0.3577708764	0.9155417528
harvest	1	0.2	0.3577708764	0.9155417528
conformity	1	0.2	0.3577708764	0.9155417528
promptitude	1	0.2	0.3577708764	0.9155417528
hesitate	1	0.2	0.3577708764	0.9155417528
struggles	1	0.2	0.3577708764	0.9155417528
delay	3	1.2	0.819756061277	2.83951212255
attachment	2	0.4	0.37947331922	1.15894663844
independent	6	2.6	0.942337519151	4.4846750383
fortunately	1	0.2	0.3577708764	0.9155417528
produced	3	0.8	0.987927122818	2.77585424564
assurances	1	0.2	0.3577708764	0.9155417528
pending	3	0.2	0.3577708764	0.9155417528
plenipotentiary	1	0.2	0.3577708764	0.9155417528
material	2	0.4	0.37947331922	1.15894663844
day	7	2.6	1.8547236991	6.3094473982
articles	5	1.6	1.27121988657	4.14243977313
sufficiently	1	0.2	0.3577708764	0.9155417528
morris	1	0.2	0.3577708764	0.9155417528
transmitted	2	0.4	0.7155417528	1.8310835056
truth	2	0.2	0.3577708764	0.9155417528
accompanied	3	0.4	0.37947331922	1.15894663844
suffrage	2	0.2	0.3577708764	0.9155417528
arkansas	1	0.2	0.3577708764	0.9155417528
promptly	3	0.8	0.551361950084	1.90272390017
yard	2	0.2	0.3577708764	0.9155417528
hostile	2	0.6	0.651152823844	1.90230564769
could	15	3.2	2.13541565041	7.47083130081
diminished	2	0.4	0.7155417528	1.8310835056
retail	1	0.2	0.3577708764	0.9155417528
facilitate	1	0.2	0.3577708764	0.9155417528
plainly	1	0.2	0.3577708764	0.9155417528
demonstration	1	0.2	0.3577708764	0.9155417528
system	12	5.2	3.3680855096	11.9361710192
adopted	5	2.4	0.489897948557	3.37979589711
attack	2	0.4	0.37947331922	1.15894663844
too	10	3.6	2.15406592285	7.90813184571
dissensions	1	0.2	0.3577708764	0.9155417528
yielding	1	0.2	0.3577708764	0.9155417528
fail	3	1.0	0.632455532034	2.26491106407
need	1	0.2	0.3577708764	0.9155417528
inhabiting	1	0.2	0.3577708764	0.9155417528
able	4	1.4	0.8049844719	3.0099689438
preparations	2	0.2	0.3577708764	0.9155417528
fact	10	1.0	1.3416407865	3.683281573
should	35	11.4	6.56048778674	24.5209755735
local	3	0.6	0.651152823844	1.90230564769
accrue	1	0.2	0.3577708764	0.9155417528
joint	3	0.2	0.3577708764	0.9155417528
tobacco	3	0.4	0.37947331922	1.15894663844
she	13	1.4	2.06494551986	5.52989103972
exerted	2	0.2	0.3577708764	0.9155417528
terms	10	1.4	1.02761860629	3.45523721259
favor	2	0.6	0.309838667697	1.21967733539
difficulties	3	1.0	0.632455532034	2.26491106407
preparatory	1	0.2	0.3577708764	0.9155417528
ability	1	0.2	0.3577708764	0.9155417528
negotiated	2	0.4	0.37947331922	1.15894663844
efficiency	2	0.2	0.3577708764	0.9155417528
grounds	2	1.0	0.4472135955	1.894427191
adjusted	4	0.8	1.4310835056	3.6621670112
agents	3	1.0	0.632455532034	2.26491106407
ships	4	1.4	0.8049844719	3.0099689438
trampled	1	0.2	0.3577708764	0.9155417528
1816	1	0.2	0.3577708764	0.9155417528
provinces	2	0.2	0.3577708764	0.9155417528
tyler	2	0.4	0.7155417528	1.8310835056
treat	3	0.2	0.3577708764	0.9155417528
expenditure	2	0.2	0.3577708764	0.9155417528
responsibility	2	0.2	0.3577708764	0.9155417528
depreciation	2	0.4	0.7155417528	1.8310835056
wild	2	0.2	0.3577708764	0.9155417528
almost	4	0.6	0.651152823844	1.90230564769
delusion	1	0.2	0.3577708764	0.9155417528
thus	9	2.8	2.49479458072	7.78958916144
infer	1	0.2	0.3577708764	0.9155417528
columbia	2	0.6	0.651152823844	1.90230564769
forgotten	1	0.2	0.3577708764	0.9155417528
executive	22	4.8	3.12153808242	11.0430761648
mistaken	1	0.2	0.3577708764	0.9155417528
distant	4	1.2	0.4	2.0
happiness	8	1.4	0.489897948557	2.37979589711
unjust	1	0.2	0.3577708764	0.9155417528
imparts	1	0.2	0.3577708764	0.9155417528
confederacy	2	0.2	0.3577708764	0.9155417528
definitive	4	0.8	0.75894663844	2.31789327688
unquestionable	2	0.2	0.3577708764	0.9155417528
belgium	2	0.2	0.3577708764	0.9155417528
prominent	1	0.2	0.3577708764	0.9155417528
necessary	13	6.6	3.13687742827	12.8737548565
favors	1	0.2	0.3577708764	0.9155417528
does	2	0.4	0.37947331922	1.15894663844
discretion	1	0.2	0.3577708764	0.9155417528
assuming	1	0.2	0.3577708764	0.9155417528
although	3	1.0	0.632455532034	2.26491106407
worthy	5	0.8	0.75894663844	2.31789327688
loans	3	0.6	1.0733126292	2.7466252584
about	5	2.6	0.8	4.2
carried	3	1.2	0.4	2.0
extension	2	0.6	0.651152823844	1.90230564769
freedom	3	0.8	0.551361950084	1.90272390017
recognized	2	0.4	0.7155417528	1.8310835056
places	2	0.8	0.551361950084	1.90272390017
intimation	1	0.2	0.3577708764	0.9155417528
washington	3	1.2	0.885437744847	2.97087548969
additions	1	0.2	0.3577708764	0.9155417528
mere	3	0.4	0.37947331922	1.15894663844
terminated	1	0.2	0.3577708764	0.9155417528
reduction	4	0.6	0.651152823844	1.90230564769
jury	1	0.2	0.3577708764	0.9155417528
highest	3	0.8	0.987927122818	2.77585424564
constitute	3	0.4	0.37947331922	1.15894663844
wise	3	0.8	0.987927122818	2.77585424564
urging	1	0.2	0.3577708764	0.9155417528
resting	2	0.2	0.3577708764	0.9155417528
violated	2	0.2	0.3577708764	0.9155417528
compared	1	0.2	0.3577708764	0.9155417528
contest	2	0.2	0.3577708764	0.9155417528
branch	3	0.8	0.551361950084	1.90272390017
reckless	1	0.2	0.3577708764	0.9155417528
conclusion	3	0.6	0.651152823844	1.90230564769
repeat	3	0.6	0.309838667697	1.21967733539
augmented	2	0.6	0.651152823844	1.90230564769
