adverting	1	0.2	0.3577708764	0.9155417528
desirous	1	0.2	0.3577708764	0.9155417528
cogent	1	0.2	0.3577708764	0.9155417528
25th	2	0.8	0.551361950084	1.90272390017
relax	1	0.2	0.3577708764	0.9155417528
room	1	0.2	0.3577708764	0.9155417528
willing	1	0.2	0.3577708764	0.9155417528
decree	1	0.2	0.3577708764	0.9155417528
professions	1	0.2	0.3577708764	0.9155417528
channels	1	0.2	0.3577708764	0.9155417528
reparation	1	0.2	0.3577708764	0.9155417528
requisite	2	0.2	0.3577708764	0.9155417528
preparation	2	0.4	0.7155417528	1.8310835056
bay	4	0.6	0.651152823844	1.90230564769
depends	1	0.2	0.3577708764	0.9155417528
appeared	1	0.2	0.3577708764	0.9155417528
proceeded	2	0.2	0.3577708764	0.9155417528
advert	1	0.2	0.3577708764	0.9155417528
unfortunate	1	0.2	0.3577708764	0.9155417528
qualifications	1	0.2	0.3577708764	0.9155417528
jealous	1	0.2	0.3577708764	0.9155417528
maxims	1	0.2	0.3577708764	0.9155417528
sympathize	1	0.2	0.3577708764	0.9155417528
differences	2	0.4	0.7155417528	1.8310835056
failure	2	0.4	0.7155417528	1.8310835056
magnitude	2	0.2	0.3577708764	0.9155417528
harmony	2	1.0	0.4472135955	1.894427191
stores	1	0.2	0.3577708764	0.9155417528
supplies	1	0.2	0.3577708764	0.9155417528
run	2	0.2	0.3577708764	0.9155417528
french	3	0.6	0.651152823844	1.90230564769
asserting	1	0.2	0.3577708764	0.9155417528
facilitating	1	0.2	0.3577708764	0.9155417528
steadily	2	0.2	0.3577708764	0.9155417528
southern	1	0.2	0.3577708764	0.9155417528
islands	2	0.6	0.651152823844	1.90230564769
destructive	1	0.2	0.3577708764	0.9155417528
st	4	0.6	0.651152823844	1.90230564769
recalling	1	0.2	0.3577708764	0.9155417528
inflicted	1	0.2	0.3577708764	0.9155417528
enacted	1	0.2	0.3577708764	0.9155417528
accommodation	1	0.2	0.3577708764	0.9155417528
spanish	2	0.4	0.37947331922	1.15894663844
encouraged	1	0.2	0.3577708764	0.9155417528
channel	1	0.2	0.3577708764	0.9155417528
examples	1	0.2	0.3577708764	0.9155417528
grants	1	0.2	0.3577708764	0.9155417528
considering	2	0.2	0.3577708764	0.9155417528
observe	1	0.2	0.3577708764	0.9155417528
declaration	2	0.6	0.309838667697	1.21967733539
gentlemen	6	0.6	0.651152823844	1.90230564769
being	4	1.0	0.0	1.0
captures	1	0.2	0.3577708764	0.9155417528
seems	2	0.4	0.7155417528	1.8310835056
confirm	1	0.2	0.3577708764	0.9155417528
restoring	1	0.2	0.3577708764	0.9155417528
demarcation	3	0.2	0.3577708764	0.9155417528
interruption	1	0.2	0.3577708764	0.9155417528
enough	1	0.2	0.3577708764	0.9155417528
deem	1	0.2	0.3577708764	0.9155417528
ensuing	2	0.8	0.551361950084	1.90272390017
consider	2	0.6	0.309838667697	1.21967733539
invariably	1	0.2	0.3577708764	0.9155417528
health	2	0.8	0.551361950084	1.90272390017
recall	1	0.2	0.3577708764	0.9155417528
extinguished	2	0.8	0.551361950084	1.90272390017
intended	3	0.6	0.309838667697	1.21967733539
reflect	2	0.2	0.3577708764	0.9155417528
energies	1	0.2	0.3577708764	0.9155417528
northwestern	1	0.2	0.3577708764	0.9155417528
suffering	1	0.2	0.3577708764	0.9155417528
disposition	3	1.0	0.894427191	2.788854382
5th	1	0.2	0.3577708764	0.9155417528
option	1	0.2	0.3577708764	0.9155417528
contrary	1	0.2	0.3577708764	0.9155417528
declare	1	0.2	0.3577708764	0.9155417528
lie	1	0.2	0.3577708764	0.9155417528
uniting	1	0.2	0.3577708764	0.9155417528
humane	1	0.2	0.3577708764	0.9155417528
croix	4	0.2	0.3577708764	0.9155417528
8	2	0.8	0.551361950084	1.90272390017
sure	1	0.2	0.3577708764	0.9155417528
contemplate	1	0.2	0.3577708764	0.9155417528
described	1	0.2	0.3577708764	0.9155417528
usually	1	0.2	0.3577708764	0.9155417528
condemnation	1	0.2	0.3577708764	0.9155417528
pretension	1	0.2	0.3577708764	0.9155417528
experienced	2	0.4	0.7155417528	1.8310835056
continuing	1	0.2	0.3577708764	0.9155417528
troops	2	1.0	0.4472135955	1.894427191
france	10	2.4	2.66232980677	7.72465961353
foresight	1	0.2	0.3577708764	0.9155417528
called	2	0.6	0.651152823844	1.90230564769
spain	3	1.0	0.632455532034	2.26491106407
depredations	2	0.6	0.309838667697	1.21967733539
provided	1	0.2	0.3577708764	0.9155417528
proposition	1	0.2	0.3577708764	0.9155417528
procuring	1	0.2	0.3577708764	0.9155417528
tax	1	0.2	0.3577708764	0.9155417528
collection	2	0.4	0.7155417528	1.8310835056
passamaquoddy	2	0.2	0.3577708764	0.9155417528
incalculable	1	0.2	0.3577708764	0.9155417528
hitherto	2	0.6	0.651152823844	1.90230564769
armament	1	0.2	0.3577708764	0.9155417528
pursued	2	0.2	0.3577708764	0.9155417528
preliminary	1	0.2	0.3577708764	0.9155417528
repeated	1	0.2	0.3577708764	0.9155417528
recess	2	0.2	0.3577708764	0.9155417528
conciliate	1	0.2	0.3577708764	0.9155417528
boundary	4	1.6	0.726636084983	3.05327216997
vigorous	1	0.2	0.3577708764	0.9155417528
arisen	2	0.4	0.37947331922	1.15894663844
garrisons	1	0.2	0.3577708764	0.9155417528
infer	2	0.2	0.3577708764	0.9155417528
usual	1	0.2	0.3577708764	0.9155417528
possess	2	0.2	0.3577708764	0.9155417528
proofs	1	0.2	0.3577708764	0.9155417528
naturally	1	0.2	0.3577708764	0.9155417528
