obstructions	1	0.2	0.3577708764	0.9155417528
paris	7	0.2	0.3577708764	0.9155417528
containing	1	0.2	0.3577708764	0.9155417528
applied	3	0.8	0.551361950084	1.90272390017
risk	1	0.2	0.3577708764	0.9155417528
misunderstanding	1	0.2	0.3577708764	0.9155417528
appropriation	4	1.4	0.809938269253	3.01987653851
govern	1	0.2	0.3577708764	0.9155417528
convenience	1	0.2	0.3577708764	0.9155417528
enjoy	2	0.4	0.7155417528	1.8310835056
charter	4	0.2	0.3577708764	0.9155417528
consistent	1	0.2	0.3577708764	0.9155417528
likely	2	0.6	0.651152823844	1.90230564769
sustaining	1	0.2	0.3577708764	0.9155417528
friendships	1	0.2	0.3577708764	0.9155417528
consequent	1	0.2	0.3577708764	0.9155417528
above	4	1.0	1.3416407865	3.683281573
inferiority	1	0.2	0.3577708764	0.9155417528
met	2	0.4	0.37947331922	1.15894663844
path	1	0.2	0.3577708764	0.9155417528
remnant	1	0.2	0.3577708764	0.9155417528
call	5	1.2	0.819756061277	2.83951212255
recommend	6	1.8	1.1242775458	4.04855509161
until	7	1.4	1.20664825032	3.81329650064
wars	2	0.4	0.37947331922	1.15894663844
tariff	3	0.4	0.37947331922	1.15894663844
interposition	1	0.2	0.3577708764	0.9155417528
ere	1	0.2	0.3577708764	0.9155417528
my	14	5.6	3.26190128606	12.1238025721
manner	5	1.2	0.885437744847	2.97087548969
grown	1	0.2	0.3577708764	0.9155417528
lay	2	0.8	0.551361950084	1.90272390017
president	5	0.8	0.75894663844	2.31789327688
satisfied	1	0.2	0.3577708764	0.9155417528
heretofore	7	2.2	1.41138230115	5.0227646023
exhibits	1	0.2	0.3577708764	0.9155417528
indulge	2	0.6	0.309838667697	1.21967733539
hitherto	3	1.0	0.632455532034	2.26491106407
bank	13	2.4	3.51226422696	9.42452845392
each	10	4.0	2.44948974278	8.89897948557
side	3	0.6	1.0733126292	2.7466252584
vessels	8	3.0	0.894427191	4.788854382
encourage	2	0.4	0.7155417528	1.8310835056
affords	4	1.0	0.894427191	2.788854382
regulation	1	0.2	0.3577708764	0.9155417528
uses	1	0.2	0.3577708764	0.9155417528
honorably	1	0.2	0.3577708764	0.9155417528
compromise	1	0.2	0.3577708764	0.9155417528
took	1	0.2	0.3577708764	0.9155417528
incur	1	0.2	0.3577708764	0.9155417528
peculiar	1	0.2	0.3577708764	0.9155417528
royal	4	0.2	0.3577708764	0.9155417528
flow	1	0.2	0.3577708764	0.9155417528
renewed	2	0.4	0.7155417528	1.8310835056
showing	1	0.2	0.3577708764	0.9155417528
announce	2	0.4	0.37947331922	1.15894663844
rice	3	0.2	0.3577708764	0.9155417528
perceive	2	0.2	0.3577708764	0.9155417528
drawn	2	0.4	0.37947331922	1.15894663844
approach	2	0.2	0.3577708764	0.9155417528
however	15	4.2	3.96988664826	12.1397732965
electing	1	0.2	0.3577708764	0.9155417528
received	9	3.6	1.8547236991	7.3094473982
appeared	2	0.2	0.3577708764	0.9155417528
relaxation	1	0.2	0.3577708764	0.9155417528
apprehended	1	0.2	0.3577708764	0.9155417528
proceeded	2	0.6	0.651152823844	1.90230564769
entered	3	0.6	0.651152823844	1.90230564769
duties	18	4.0	2.60768096208	9.21536192416
chili	1	0.2	0.3577708764	0.9155417528
regretted	2	0.4	0.7155417528	1.8310835056
east	1	0.2	0.3577708764	0.9155417528
employ	1	0.2	0.3577708764	0.9155417528
near	3	0.6	0.309838667697	1.21967733539
suffrages	1	0.2	0.3577708764	0.9155417528
equator	1	0.2	0.3577708764	0.9155417528
expenses	7	2.2	1.41138230115	5.0227646023
advances	1	0.2	0.3577708764	0.9155417528
colonies	1	0.2	0.3577708764	0.9155417528
convictions	1	0.2	0.3577708764	0.9155417528
prescribed	1	0.2	0.3577708764	0.9155417528
stipulated	2	0.6	0.309838667697	1.21967733539
approbation	1	0.2	0.3577708764	0.9155417528
assembling	1	0.2	0.3577708764	0.9155417528
assigned	4	0.8	0.987927122818	2.77585424564
october	3	0.8	0.551361950084	1.90272390017
adding	1	0.2	0.3577708764	0.9155417528
board	3	0.6	1.0733126292	2.7466252584
beloved	2	0.2	0.3577708764	0.9155417528
disadvantage	2	0.4	0.7155417528	1.8310835056
successfully	1	0.2	0.3577708764	0.9155417528
congratulate	2	0.6	0.651152823844	1.90230564769
steps	2	0.4	0.37947331922	1.15894663844
participation	1	0.2	0.3577708764	0.9155417528
cherish	3	0.6	0.651152823844	1.90230564769
statements	2	0.2	0.3577708764	0.9155417528
civil	3	0.6	0.309838667697	1.21967733539
two	18	5.2	3.68130411675	12.5626082335
furnishing	1	0.2	0.3577708764	0.9155417528
sicilies	1	0.2	0.3577708764	0.9155417528
accordingly	4	0.2	0.3577708764	0.9155417528
satisfactorily	3	0.2	0.3577708764	0.9155417528
removed	2	0.6	0.309838667697	1.21967733539
understood	4	0.2	0.3577708764	0.9155417528
liberal	7	1.8	0.979795897113	3.75959179423
evidence	3	0.4	0.37947331922	1.15894663844
constructed	1	0.2	0.3577708764	0.9155417528
generally	1	0.2	0.3577708764	0.9155417528
test	1	0.2	0.3577708764	0.9155417528
realize	1	0.2	0.3577708764	0.9155417528
demonstrative	1	0.2	0.3577708764	0.9155417528
daily	3	0.6	0.651152823844	1.90230564769
strengthened	2	0.2	0.3577708764	0.9155417528
abundant	2	0.8	0.551361950084	1.90272390017
show	1	0.2	0.3577708764	0.9155417528
charge	6	1.0	1.0	3.0
none	2	0.6	0.309838667697	1.21967733539
fullest	1	0.2	0.3577708764	0.9155417528
presented	7	2.4	1.39140217047	5.18280434095
depository	1	0.2	0.3577708764	0.9155417528
french	9	1.0	1.0	3.0
change	7	2.6	2.1184900283	6.8369800566
funded	1	0.2	0.3577708764	0.9155417528
patriotic	1	0.2	0.3577708764	0.9155417528
cherished	1	0.2	0.3577708764	0.9155417528
memory	1	0.2	0.3577708764	0.9155417528
behalf	2	0.8	0.551361950084	1.90272390017
modified	1	0.2	0.3577708764	0.9155417528
months	1	0.2	0.3577708764	0.9155417528
discussion	1	0.2	0.3577708764	0.9155417528
southern	2	0.4	0.37947331922	1.15894663844
4th	3	0.4	0.37947331922	1.15894663844
islands	5	1.0	0.632455532034	2.26491106407
enlarge	3	0.2	0.3577708764	0.9155417528
mail	3	1.2	0.619677335393	2.43935467079
finance	2	0.2	0.3577708764	0.9155417528
views	4	1.4	1.20332871652	3.80665743304
disasters	1	0.2	0.3577708764	0.9155417528
concur	2	0.2	0.3577708764	0.9155417528
truly	1	0.2	0.3577708764	0.9155417528
investigation	2	0.2	0.3577708764	0.9155417528
papers	2	0.2	0.3577708764	0.9155417528
receiving	2	0.4	0.37947331922	1.15894663844
language	1	0.2	0.3577708764	0.9155417528
recompense	1	0.2	0.3577708764	0.9155417528
spanish	7	0.6	0.651152823844	1.90230564769
discharged	3	0.6	0.309838667697	1.21967733539
convention	9	2.8	1.94730583114	6.69461166228
diplomatic	3	0.6	0.651152823844	1.90230564769
13th	2	0.4	0.7155417528	1.8310835056
paid	6	1.6	1.10272390017	3.80544780033
especially	2	0.2	0.3577708764	0.9155417528
order	6	2.4	1.65408585025	5.7081717005
ways	1	0.2	0.3577708764	0.9155417528
retains	1	0.2	0.3577708764	0.9155417528
spain	10	1.2	0.885437744847	2.97087548969
discovered	2	0.2	0.3577708764	0.9155417528
tonnage	3	0.6	0.651152823844	1.90230564769
3	3	1.0	0.632455532034	2.26491106407
soon	4	1.6	0.726636084983	3.05327216997
labors	2	0.8	0.551361950084	1.90272390017
connections	1	0.2	0.3577708764	0.9155417528
gratifying	2	0.6	0.651152823844	1.90230564769
representatives	6	2.8	0.748331477355	4.29666295471
navigated	1	0.2	0.3577708764	0.9155417528
inquiries	1	0.2	0.3577708764	0.9155417528
august	2	0.6	0.651152823844	1.90230564769
countenance	1	0.2	0.3577708764	0.9155417528
penal	1	0.2	0.3577708764	0.9155417528
afterwards	1	0.2	0.3577708764	0.9155417528
dispatch	1	0.2	0.3577708764	0.9155417528
endeavor	1	0.2	0.3577708764	0.9155417528
informed	2	0.4	0.37947331922	1.15894663844
borders	1	0.2	0.3577708764	0.9155417528
blessing	1	0.2	0.3577708764	0.9155417528
intimately	1	0.2	0.3577708764	0.9155417528
prevalence	1	0.2	0.3577708764	0.9155417528
engaged	6	2.2	0.6260990337	3.4521980674
quiet	2	0.2	0.3577708764	0.9155417528
embrace	1	0.2	0.3577708764	0.9155417528
pay	5	0.8	0.987927122818	2.77585424564
seeking	2	0.2	0.3577708764	0.9155417528
prevented	2	0.4	0.37947331922	1.15894663844
termination	2	0.4	0.7155417528	1.8310835056
otherwise	1	0.2	0.3577708764	0.9155417528
being	6	1.6	1.2	4.0
yielding	1	0.2	0.3577708764	0.9155417528
except	2	0.6	0.651152823844	1.90230564769
unnecessary	2	0.6	0.309838667697	1.21967733539
either	6	2.2	1.78661691473	5.77323382946
revision	2	0.6	0.651152823844	1.90230564769
reduced	2	0.8	0.551361950084	1.90272390017
burdens	3	0.4	0.7155417528	1.8310835056
divine	1	0.2	0.3577708764	0.9155417528
expressing	1	0.2	0.3577708764	0.9155417528
payable	7	0.2	0.3577708764	0.9155417528
ratifications	3	1.0	0.632455532034	2.26491106407
obliged	2	0.4	0.7155417528	1.8310835056
credits	2	0.4	0.7155417528	1.8310835056
assemble	1	0.2	0.3577708764	0.9155417528
island	1	0.2	0.3577708764	0.9155417528
mutually	3	0.2	0.3577708764	0.9155417528
stipulations	4	0.4	0.37947331922	1.15894663844
interruption	1	0.2	0.3577708764	0.9155417528
disposed	2	0.6	0.651152823844	1.90230564769
unsettled	2	0.4	0.37947331922	1.15894663844
longer	3	0.6	1.0733126292	2.7466252584
gone	2	0.4	0.37947331922	1.15894663844
money	8	2.0	2.75680975042	7.51361950084
certain	5	2.4	1.21983605456	4.83967210912
deem	2	0.4	0.37947331922	1.15894663844
senate	7	3.6	1.62480768093	6.84961536185
formed	5	1.2	1.2585706178	3.71714123561
included	2	0.4	0.7155417528	1.8310835056
building	2	0.6	0.651152823844	1.90230564769
resolution	6	0.8	0.75894663844	2.31789327688
original	1	0.2	0.3577708764	0.9155417528
minister	11	3.4	2.74372010234	8.88744020469
surrounded	1	0.2	0.3577708764	0.9155417528
founded	1	0.2	0.3577708764	0.9155417528
causes	7	0.6	0.651152823844	1.90230564769
wants	3	1.2	0.521536192416	2.24307238483
present	17	6.2	4.83321838944	15.8664367789
blockade	1	0.2	0.3577708764	0.9155417528
venezuela	1	0.2	0.3577708764	0.9155417528
july	3	0.6	0.651152823844	1.90230564769
20th	2	0.2	0.3577708764	0.9155417528
appreciating	1	0.2	0.3577708764	0.9155417528
section	1	0.2	0.3577708764	0.9155417528
brief	1	0.2	0.3577708764	0.9155417528
concluding	1	0.2	0.3577708764	0.9155417528
treasury	16	7.2	3.97391494625	15.1478298925
struggle	1	0.2	0.3577708764	0.9155417528
put	1	0.2	0.3577708764	0.9155417528
taken	11	3.0	2.09761769634	7.19523539268
suffered	1	0.2	0.3577708764	0.9155417528
embarrassing	1	0.2	0.3577708764	0.9155417528
stated	4	0.6	1.0733126292	2.7466252584
purchased	1	0.2	0.3577708764	0.9155417528
deplored	1	0.2	0.3577708764	0.9155417528
wisely	1	0.2	0.3577708764	0.9155417528
ratified	4	1.4	1.20664825032	3.81329650064
intended	3	1.2	0.819756061277	2.83951212255
coming	2	0.4	0.37947331922	1.15894663844
groundless	1	0.2	0.3577708764	0.9155417528
pleasure	6	1.2	1.30230564769	3.80461129538
outrages	1	0.2	0.3577708764	0.9155417528
developed	1	0.2	0.3577708764	0.9155417528
mission	2	0.2	0.3577708764	0.9155417528
25	1	0.2	0.3577708764	0.9155417528
resort	3	0.8	0.987927122818	2.77585424564
absence	1	0.2	0.3577708764	0.9155417528
systems	1	0.2	0.3577708764	0.9155417528
argentine	1	0.2	0.3577708764	0.9155417528
erection	2	0.4	0.37947331922	1.15894663844
2d	1	0.2	0.3577708764	0.9155417528
habits	2	0.4	0.7155417528	1.8310835056
unremitting	1	0.2	0.3577708764	0.9155417528
friendship	5	1.4	1.629723903	4.65944780599
ports	7	1.8	1.05451410612	3.90902821223
house	4	2.0	0.632455532034	3.26491106407
expect	2	0.6	0.309838667697	1.21967733539
beyond	7	1.8	1.43666279969	4.67332559937
disposition	4	1.6	0.963327566303	3.52665513261
earliest	1	0.2	0.3577708764	0.9155417528
beginning	1	0.2	0.3577708764	0.9155417528
precautionary	1	0.2	0.3577708764	0.9155417528
colombia	2	0.4	0.7155417528	1.8310835056
exertions	3	0.4	0.37947331922	1.15894663844
needed	1	0.2	0.3577708764	0.9155417528
master	1	0.2	0.3577708764	0.9155417528
finances	4	0.8	0.551361950084	1.90272390017
relations	12	3.8	1.91624633072	7.63249266144
imperfect	1	0.2	0.3577708764	0.9155417528
king	7	0.8	1.4310835056	3.6621670112
determined	2	0.2	0.3577708764	0.9155417528
sister	1	0.2	0.3577708764	0.9155417528
measures	9	5.2	1.83303027798	8.86606055596
me	12	2.8	2.65028300376	8.10056600751
engagements	4	0.4	0.37947331922	1.15894663844
approved	1	0.2	0.3577708764	0.9155417528
charged	1	0.2	0.3577708764	0.9155417528
session	16	6.0	2.96647939484	11.9329587897
completion	2	0.6	0.651152823844	1.90230564769
him	7	2.0	1.67332005307	5.34664010614
sea	4	0.8	0.551361950084	1.90272390017
tender	1	0.2	0.3577708764	0.9155417528
various	6	1.8	0.843800924389	3.48760184878
probably	4	0.8	0.1788854382	1.1577708764
diminution	1	0.2	0.3577708764	0.9155417528
understanding	2	0.4	0.37947331922	1.15894663844
remaining	3	0.8	0.551361950084	1.90272390017
prospects	1	0.2	0.3577708764	0.9155417528
annual	7	2.0	1.09544511501	4.19089023002
distress	1	0.2	0.3577708764	0.9155417528
reasons	2	0.6	0.651152823844	1.90230564769
expensive	1	0.2	0.3577708764	0.9155417528
faithfully	2	0.4	0.37947331922	1.15894663844
meeting	5	1.0	0.632455532034	2.26491106407
firm	1	0.2	0.3577708764	0.9155417528
partly	1	0.2	0.3577708764	0.9155417528
determination	1	0.2	0.3577708764	0.9155417528
elections	1	0.2	0.3577708764	0.9155417528
ought	3	1.0	0.894427191	2.788854382
owing	2	0.2	0.3577708764	0.9155417528
proved	2	0.8	0.551361950084	1.90272390017
arrived	1	0.2	0.3577708764	0.9155417528
purpose	3	1.2	0.521536192416	2.24307238483
settlements	1	0.2	0.3577708764	0.9155417528
aiming	1	0.2	0.3577708764	0.9155417528
bid	1	0.2	0.3577708764	0.9155417528
d	6	0.2	0.3577708764	0.9155417528
absolutely	1	0.2	0.3577708764	0.9155417528
amicable	2	0.8	0.551361950084	1.90272390017
though	6	1.8	1.43666279969	4.67332559937
step	1	0.2	0.3577708764	0.9155417528
faith	3	1.2	0.819756061277	2.83951212255
cautious	1	0.2	0.3577708764	0.9155417528
together	3	0.8	0.551361950084	1.90272390017
superior	1	0.2	0.3577708764	0.9155417528
forward	1	0.2	0.3577708764	0.9155417528
considerably	1	0.2	0.3577708764	0.9155417528
duly	2	0.2	0.3577708764	0.9155417528
hoped	6	2.2	1.19331471121	4.58662942243
fisheries	1	0.2	0.3577708764	0.9155417528
affaires	6	0.2	0.3577708764	0.9155417528
suitable	4	1.2	0.819756061277	2.83951212255
unexpected	1	0.2	0.3577708764	0.9155417528
called	5	0.8	0.75894663844	2.31789327688
income	4	0.4	0.7155417528	1.8310835056
department	16	4.6	2.48515593072	9.57031186144
cultivating	1	0.2	0.3577708764	0.9155417528
refrain	1	0.2	0.3577708764	0.9155417528
sides	2	0.8	0.551361950084	1.90272390017
required	4	1.0	0.632455532034	2.26491106407
requires	3	1.0	0.4472135955	1.894427191
issued	2	0.6	0.651152823844	1.90230564769
produce	3	1.4	0.489897948557	2.37979589711
particularly	4	1.0	1.0	3.0
seemed	1	0.2	0.3577708764	0.9155417528
unusual	1	0.2	0.3577708764	0.9155417528
concluded	4	1.4	1.20664825032	3.81329650064
confided	1	0.2	0.3577708764	0.9155417528
expressed	2	0.8	0.551361950084	1.90272390017
experiment	1	0.2	0.3577708764	0.9155417528
meet	5	1.4	1.20664825032	3.81329650064
receive	7	2.2	1.16619037897	4.53238075794
proof	2	0.2	0.3577708764	0.9155417528
involves	1	0.2	0.3577708764	0.9155417528
composed	2	0.4	0.37947331922	1.15894663844
perfecting	1	0.2	0.3577708764	0.9155417528
counsels	1	0.2	0.3577708764	0.9155417528
ministers	2	0.4	0.7155417528	1.8310835056
next	6	2.4	1.2	4.8
examination	2	0.8	0.1788854382	1.1577708764
reciprocity	2	0.4	0.7155417528	1.8310835056
usual	2	0.4	0.37947331922	1.15894663844
inclined	1	0.2	0.3577708764	0.9155417528
reducing	1	0.2	0.3577708764	0.9155417528
servants	1	0.2	0.3577708764	0.9155417528
fulfill	2	0.4	0.37947331922	1.15894663844
conformity	2	0.4	0.37947331922	1.15894663844
high	4	1.8	0.843800924389	3.48760184878
six	2	0.4	0.37947331922	1.15894663844
arrangement	4	0.8	0.551361950084	1.90272390017
delay	5	1.6	0.963327566303	3.52665513261
responsibilities	1	0.2	0.3577708764	0.9155417528
sentiments	4	0.6	0.651152823844	1.90230564769
annexed	1	0.2	0.3577708764	0.9155417528
winter	1	0.2	0.3577708764	0.9155417528
subsequently	4	0.6	1.0733126292	2.7466252584
trusts	1	0.2	0.3577708764	0.9155417528
assurances	6	0.6	0.309838667697	1.21967733539
accredited	1	0.2	0.3577708764	0.9155417528
plenipotentiary	2	0.4	0.37947331922	1.15894663844
progressive	1	0.2	0.3577708764	0.9155417528
installment	7	0.8	0.551361950084	1.90272390017
panic	2	0.4	0.7155417528	1.8310835056
adjournment	2	0.2	0.3577708764	0.9155417528
sufficiently	1	0.2	0.3577708764	0.9155417528
mode	2	0.6	0.309838667697	1.21967733539
remove	2	0.6	0.651152823844	1.90230564769
receipts	5	1.6	1.15238882327	3.90477764654
facilitate	2	0.4	0.37947331922	1.15894663844
secured	2	0.8	0.551361950084	1.90272390017
alleged	1	0.2	0.3577708764	0.9155417528
improving	1	0.2	0.3577708764	0.9155417528
representations	3	0.4	0.37947331922	1.15894663844
ancient	1	0.2	0.3577708764	0.9155417528
adopted	6	2.8	1.16619037897	5.13238075794
intermediate	2	0.2	0.3577708764	0.9155417528
discriminating	7	0.2	0.3577708764	0.9155417528
dissensions	2	0.4	0.37947331922	1.15894663844
exhibit	1	0.2	0.3577708764	0.9155417528
fail	4	1.2	0.885437744847	2.97087548969
necessities	2	0.6	0.651152823844	1.90230564769
documents	4	0.8	0.551361950084	1.90272390017
pursued	4	0.6	0.651152823844	1.90230564769
concerns	2	0.8	0.551361950084	1.90272390017
unless	2	0.6	0.309838667697	1.21967733539
connected	4	1.6	0.903327183251	3.4066543665
expired	1	0.2	0.3577708764	0.9155417528
wish	1	0.2	0.3577708764	0.9155417528
adverted	2	0.2	0.3577708764	0.9155417528
solicitude	1	0.2	0.3577708764	0.9155417528
exchanged	3	0.6	0.309838667697	1.21967733539
dearest	1	0.2	0.3577708764	0.9155417528
solicitous	1	0.2	0.3577708764	0.9155417528
exerted	2	0.4	0.7155417528	1.8310835056
favor	2	0.6	0.651152823844	1.90230564769
injustice	1	0.2	0.3577708764	0.9155417528
opening	1	0.2	0.3577708764	0.9155417528
efficiency	2	0.4	0.7155417528	1.8310835056
withstanding	4	0.2	0.3577708764	0.9155417528
fulfilled	3	0.2	0.3577708764	0.9155417528
discrimination	2	0.2	0.3577708764	0.9155417528
rates	1	0.2	0.3577708764	0.9155417528
essentially	1	0.2	0.3577708764	0.9155417528
expenditure	3	0.6	0.651152823844	1.90230564769
advisable	2	0.2	0.3577708764	0.9155417528
apprehend	1	0.2	0.3577708764	0.9155417528
encouragement	2	0.4	0.37947331922	1.15894663844
undisturbed	1	0.2	0.3577708764	0.9155417528
difficult	2	0.6	0.651152823844	1.90230564769
effect	10	4.2	2.31516738056	8.83033476112
installments	3	0.2	0.3577708764	0.9155417528
appropriated	1	0.2	0.3577708764	0.9155417528
off	1	0.2	0.3577708764	0.9155417528
records	3	0.2	0.3577708764	0.9155417528
redeemable	1	0.2	0.3577708764	0.9155417528
administered	1	0.2	0.3577708764	0.9155417528
earnestly	4	1.2	0.885437744847	2.97087548969
ample	2	0.6	0.309838667697	1.21967733539
five	4	0.6	0.651152823844	1.90230564769
burden	1	0.2	0.3577708764	0.9155417528
avoid	1	0.2	0.3577708764	0.9155417528
gained	1	0.2	0.3577708764	0.9155417528
carried	5	1.4	0.8049844719	3.0099689438
utility	1	0.2	0.3577708764	0.9155417528
terminated	4	0.6	0.309838667697	1.21967733539
incurred	3	0.4	0.7155417528	1.8310835056
he	12	3.8	2.84112653713	9.48225307427
placed	4	1.0	0.894427191	2.788854382
prosperous	3	0.6	0.309838667697	1.21967733539
secretly	1	0.2	0.3577708764	0.9155417528
oppression	1	0.2	0.3577708764	0.9155417528
friends	1	0.2	0.3577708764	0.9155417528
