limited	4	1.6	0.903327183251	3.4066543665
desirable	3	1.2	0.521536192416	2.24307238483
facilities	6	1.0	0.632455532034	2.26491106407
evermore	1	0.2	0.3577708764	0.9155417528
looking	1	0.2	0.3577708764	0.9155417528
seriously	1	0.2	0.3577708764	0.9155417528
force	7	3.0	1.67332005307	6.34664010614
29th	1	0.2	0.3577708764	0.9155417528
estimated	3	0.6	0.309838667697	1.21967733539
even	2	0.6	0.309838667697	1.21967733539
bounties	1	0.2	0.3577708764	0.9155417528
error	1	0.2	0.3577708764	0.9155417528
depreciated	1	0.2	0.3577708764	0.9155417528
permit	2	0.2	0.3577708764	0.9155417528
origin	1	0.2	0.3577708764	0.9155417528
entertained	3	1.2	0.885437744847	2.97087548969
mr	4	1.2	1.30230564769	3.80461129538
example	4	0.4	0.37947331922	1.15894663844
caution	1	0.2	0.3577708764	0.9155417528
honest	2	0.4	0.37947331922	1.15894663844
inhabitants	3	0.6	0.651152823844	1.90230564769
grown	1	0.2	0.3577708764	0.9155417528
reconciled	1	0.2	0.3577708764	0.9155417528
wrong	2	0.8	0.551361950084	1.90272390017
destined	5	1.0	1.788854382	4.577708764
purchase	2	0.2	0.3577708764	0.9155417528
neglect	1	0.2	0.3577708764	0.9155417528
capitalist	1	0.2	0.3577708764	0.9155417528
enter	4	0.2	0.3577708764	0.9155417528
consent	3	0.2	0.3577708764	0.9155417528
fidelity	2	0.2	0.3577708764	0.9155417528
some	12	4.4	3.38230690506	11.1646138101
remuneration	1	0.2	0.3577708764	0.9155417528
exhibits	2	0.4	0.37947331922	1.15894663844
indulge	2	0.8	0.551361950084	1.90272390017
regularly	1	0.2	0.3577708764	0.9155417528
reasonably	1	0.2	0.3577708764	0.9155417528
resume	1	0.2	0.3577708764	0.9155417528
little	3	1.0	0.894427191	2.788854382
regulation	1	0.2	0.3577708764	0.9155417528
unauthorized	2	0.2	0.3577708764	0.9155417528
railroads	3	0.2	0.3577708764	0.9155417528
compromise	4	0.4	0.37947331922	1.15894663844
cordially	1	0.2	0.3577708764	0.9155417528
negotiating	1	0.2	0.3577708764	0.9155417528
maintaining	1	0.2	0.3577708764	0.9155417528
frankly	1	0.2	0.3577708764	0.9155417528
objection	2	0.4	0.7155417528	1.8310835056
modern	1	0.2	0.3577708764	0.9155417528
principle	3	0.8	0.987927122818	2.77585424564
responsible	3	0.2	0.3577708764	0.9155417528
alarm	1	0.2	0.3577708764	0.9155417528
dispensations	1	0.2	0.3577708764	0.9155417528
subordinate	1	0.2	0.3577708764	0.9155417528
detriment	1	0.2	0.3577708764	0.9155417528
treaties	4	1.0	0.632455532034	2.26491106407
earth	4	0.2	0.3577708764	0.9155417528
submit	4	1.0	0.4472135955	1.894427191
debts	3	0.8	0.987927122818	2.77585424564
do	10	2.6	1.13490087673	4.86980175346
settlements	2	0.4	0.37947331922	1.15894663844
perceive	2	0.6	0.651152823844	1.90230564769
quarters	2	0.2	0.3577708764	0.9155417528
alterations	2	0.4	0.7155417528	1.8310835056
unexampled	1	0.2	0.3577708764	0.9155417528
appeared	3	0.6	0.651152823844	1.90230564769
speak	1	0.2	0.3577708764	0.9155417528
basis	3	0.4	0.37947331922	1.15894663844
three	4	0.4	0.37947331922	1.15894663844
towns	1	0.2	0.3577708764	0.9155417528
rather	2	0.6	0.309838667697	1.21967733539
efficacy	1	0.2	0.3577708764	0.9155417528
contemplates	1	0.2	0.3577708764	0.9155417528
possess	3	0.6	0.651152823844	1.90230564769
procedure	1	0.2	0.3577708764	0.9155417528
violent	1	0.2	0.3577708764	0.9155417528
convictions	1	0.2	0.3577708764	0.9155417528
entitled	2	0.4	0.37947331922	1.15894663844
evil	2	0.8	0.551361950084	1.90272390017
prescribed	1	0.2	0.3577708764	0.9155417528
embarrassments	2	0.8	0.1788854382	1.1577708764
ocean	3	0.6	0.309838667697	1.21967733539
approbation	2	0.2	0.3577708764	0.9155417528
opinions	3	0.8	0.551361950084	1.90272390017
transporting	2	0.2	0.3577708764	0.9155417528
facts	3	0.8	0.551361950084	1.90272390017
equipment	1	0.2	0.3577708764	0.9155417528
advancement	2	0.4	0.7155417528	1.8310835056
possible	6	0.8	0.551361950084	1.90272390017
indicative	1	0.2	0.3577708764	0.9155417528
apart	2	0.4	0.37947331922	1.15894663844
desire	6	2.2	0.748331477355	3.69666295471
understand	1	0.2	0.3577708764	0.9155417528
sanction	2	1.0	0.4472135955	1.894427191
rapidity	1	0.2	0.3577708764	0.9155417528
fox	1	0.2	0.3577708764	0.9155417528
shaken	1	0.2	0.3577708764	0.9155417528
census	2	0.2	0.3577708764	0.9155417528
surround	1	0.2	0.3577708764	0.9155417528
obtaining	2	0.6	0.651152823844	1.90230564769
bound	2	0.6	0.309838667697	1.21967733539
furnishing	4	0.4	0.37947331922	1.15894663844
authorizes	2	0.2	0.3577708764	0.9155417528
way	7	1.6	1.27121988657	4.14243977313
resulted	3	0.8	0.551361950084	1.90272390017
head	2	0.6	0.651152823844	1.90230564769
hemisphere	1	0.2	0.3577708764	0.9155417528
promises	1	0.2	0.3577708764	0.9155417528
plan	8	1.4	1.629723903	4.65944780599
faithful	2	0.6	0.651152823844	1.90230564769
generally	1	0.2	0.3577708764	0.9155417528
power	20	8.8	5.03587132481	18.8717426496
authorities	4	0.6	0.651152823844	1.90230564769
discharge	7	1.2	0.4	2.0
proposed	5	1.6	0.726636084983	3.05327216997
flag	4	0.6	0.309838667697	1.21967733539
tribunals	1	0.2	0.3577708764	0.9155417528
violation	2	0.6	0.309838667697	1.21967733539
pace	1	0.2	0.3577708764	0.9155417528
choice	1	0.2	0.3577708764	0.9155417528
did	2	0.6	0.309838667697	1.21967733539
settle	1	0.2	0.3577708764	0.9155417528
brave	1	0.2	0.3577708764	0.9155417528
occurrence	2	0.2	0.3577708764	0.9155417528
insignificant	1	0.2	0.3577708764	0.9155417528
inland	2	0.2	0.3577708764	0.9155417528
cost	1	0.2	0.3577708764	0.9155417528
penetrated	1	0.2	0.3577708764	0.9155417528
contracted	2	0.2	0.3577708764	0.9155417528
falling	1	0.2	0.3577708764	0.9155417528
amounting	1	0.2	0.3577708764	0.9155417528
satisfy	1	0.2	0.3577708764	0.9155417528
jury	2	0.2	0.3577708764	0.9155417528
along	2	0.4	0.37947331922	1.15894663844
passengers	1	0.2	0.3577708764	0.9155417528
commonly	1	0.2	0.3577708764	0.9155417528
1st	3	1.2	0.885437744847	2.97087548969
proposes	4	0.2	0.3577708764	0.9155417528
effort	3	0.8	0.551361950084	1.90272390017
tribunal	2	0.4	0.7155417528	1.8310835056
making	6	1.2	0.4	2.0
numbers	3	0.2	0.3577708764	0.9155417528
allowed	1	0.2	0.3577708764	0.9155417528
sanguinary	1	0.2	0.3577708764	0.9155417528
designed	2	0.4	0.7155417528	1.8310835056
flourish	1	0.2	0.3577708764	0.9155417528
magistrate	2	0.4	0.37947331922	1.15894663844
1830	1	0.2	0.3577708764	0.9155417528
acknowledge	1	0.2	0.3577708764	0.9155417528
correspondence	5	1.2	1.13841995766	3.47683991532
thereby	4	0.8	0.551361950084	1.90272390017
execute	1	0.2	0.3577708764	0.9155417528
january	4	1.4	0.489897948557	2.37979589711
lieu	2	0.2	0.3577708764	0.9155417528
inhabiting	1	0.2	0.3577708764	0.9155417528
entering	1	0.2	0.3577708764	0.9155417528
canada	5	0.8	1.4310835056	3.6621670112
increase	7	2.4	1.2	4.8
correct	1	0.2	0.3577708764	0.9155417528
inevitably	1	0.2	0.3577708764	0.9155417528
theory	2	0.4	0.7155417528	1.8310835056
disguised	1	0.2	0.3577708764	0.9155417528
british	5	1.6	0.489897948557	2.57979589711
turn	2	0.4	0.37947331922	1.15894663844
routes	1	0.2	0.3577708764	0.9155417528
directly	2	0.2	0.3577708764	0.9155417528
corporations	1	0.2	0.3577708764	0.9155417528
city	1	0.2	0.3577708764	0.9155417528
stocks	3	0.6	0.651152823844	1.90230564769
imposing	1	0.2	0.3577708764	0.9155417528
lowest	2	0.2	0.3577708764	0.9155417528
mountains	1	0.2	0.3577708764	0.9155417528
any	40	14.4	9.35093578205	33.1018715641
reasonable	3	0.8	0.551361950084	1.90272390017
forming	1	0.2	0.3577708764	0.9155417528
urge	4	1.0	0.894427191	2.788854382
202	1	0.2	0.3577708764	0.9155417528
sums	2	0.8	0.551361950084	1.90272390017
failure	3	0.8	0.75894663844	2.31789327688
order	8	3.6	1.56460857725	6.7292171545
treasure	1	0.2	0.3577708764	0.9155417528
over	9	2.0	1.41421356237	4.82842712475
dispute	1	0.2	0.3577708764	0.9155417528
lighted	1	0.2	0.3577708764	0.9155417528
suggest	4	0.4	0.37947331922	1.15894663844
liable	3	0.2	0.3577708764	0.9155417528
receipt	1	0.2	0.3577708764	0.9155417528
voluntary	1	0.2	0.3577708764	0.9155417528
opening	1	0.2	0.3577708764	0.9155417528
exploration	1	0.2	0.3577708764	0.9155417528
justified	2	0.2	0.3577708764	0.9155417528
derangements	1	0.2	0.3577708764	0.9155417528
region	2	0.8	0.551361950084	1.90272390017
holders	1	0.2	0.3577708764	0.9155417528
considering	4	0.6	0.651152823844	1.90230564769
expedition	3	0.2	0.3577708764	0.9155417528
informed	3	0.6	0.651152823844	1.90230564769
borders	1	0.2	0.3577708764	0.9155417528
systems	1	0.2	0.3577708764	0.9155417528
careful	2	0.6	0.309838667697	1.21967733539
residence	1	0.2	0.3577708764	0.9155417528
engaged	7	2.8	1.48054044187	5.76108088373
indebtedness	1	0.2	0.3577708764	0.9155417528
inquiry	3	0.4	0.7155417528	1.8310835056
noble	1	0.2	0.3577708764	0.9155417528
sickness	1	0.2	0.3577708764	0.9155417528
complained	1	0.2	0.3577708764	0.9155417528
constitutional	4	1.6	1.15238882327	3.90477764654
relief	1	0.2	0.3577708764	0.9155417528
inability	2	0.2	0.3577708764	0.9155417528
otherwise	4	0.4	0.37947331922	1.15894663844
captures	1	0.2	0.3577708764	0.9155417528
aspect	1	0.2	0.3577708764	0.9155417528
indulged	1	0.2	0.3577708764	0.9155417528
death	1	0.2	0.3577708764	0.9155417528
seems	3	1.2	0.619677335393	2.43935467079
except	3	1.0	0.632455532034	2.26491106407
real	2	0.4	0.37947331922	1.15894663844
around	2	0.4	0.7155417528	1.8310835056
traffic	3	0.2	0.3577708764	0.9155417528
competition	1	0.2	0.3577708764	0.9155417528
redeeming	1	0.2	0.3577708764	0.9155417528
confirm	1	0.2	0.3577708764	0.9155417528
island	2	0.4	0.37947331922	1.15894663844
parties	2	0.6	0.309838667697	1.21967733539
accumulated	1	0.2	0.3577708764	0.9155417528
hazards	1	0.2	0.3577708764	0.9155417528
brazilian	1	0.2	0.3577708764	0.9155417528
energy	2	0.4	0.37947331922	1.15894663844
complete	2	0.8	0.551361950084	1.90272390017
happier	1	0.2	0.3577708764	0.9155417528
circulation	7	0.2	0.3577708764	0.9155417528
sacredly	1	0.2	0.3577708764	0.9155417528
abuses	1	0.2	0.3577708764	0.9155417528
britain	9	1.4	0.8049844719	3.0099689438
withdrawal	1	0.2	0.3577708764	0.9155417528
includes	1	0.2	0.3577708764	0.9155417528
calls	1	0.2	0.3577708764	0.9155417528
founded	1	0.2	0.3577708764	0.9155417528
follow	1	0.2	0.3577708764	0.9155417528
subjected	3	1.0	0.894427191	2.788854382
sound	5	0.6	0.651152823844	1.90230564769
far	11	4.0	1.8973665961	7.7947331922
fall	2	0.6	0.651152823844	1.90230564769
indemnity	2	0.2	0.3577708764	0.9155417528
neighborhood	1	0.2	0.3577708764	0.9155417528
ten	1	0.2	0.3577708764	0.9155417528
excess	2	0.4	0.7155417528	1.8310835056
1841	2	0.4	0.7155417528	1.8310835056
losses	1	0.2	0.3577708764	0.9155417528
untiring	1	0.2	0.3577708764	0.9155417528
prior	1	0.2	0.3577708764	0.9155417528
amount	15	5.8	3.71913968546	13.2382793709
armed	3	0.6	0.651152823844	1.90230564769
6	1	0.2	0.3577708764	0.9155417528
thrown	1	0.2	0.3577708764	0.9155417528
abandon	1	0.2	0.3577708764	0.9155417528
propriety	4	1.6	1.10272390017	3.80544780033
arise	3	0.6	0.309838667697	1.21967733539
deplored	2	0.4	0.37947331922	1.15894663844
american	11	4.0	2.36643191324	8.73286382648
liability	1	0.2	0.3577708764	0.9155417528
interpolations	1	0.2	0.3577708764	0.9155417528
medium	7	0.2	0.3577708764	0.9155417528
existence	3	0.4	0.37947331922	1.15894663844
25	1	0.2	0.3577708764	0.9155417528
late	5	2.4	0.489897948557	3.37979589711
absence	2	0.4	0.37947331922	1.15894663844
might	9	4.2	1.62234398325	7.44468796651
hereafter	2	0.6	0.651152823844	1.90230564769
roadsteads	1	0.2	0.3577708764	0.9155417528
heavy	2	0.6	0.651152823844	1.90230564769
england	2	0.4	0.7155417528	1.8310835056
weight	1	0.2	0.3577708764	0.9155417528
idea	1	0.2	0.3577708764	0.9155417528
police	2	0.2	0.3577708764	0.9155417528
slave	3	0.4	0.7155417528	1.8310835056
7	3	0.4	0.7155417528	1.8310835056
induced	1	0.2	0.3577708764	0.9155417528
issue	6	2.0	1.8973665961	5.7947331922
wisest	1	0.2	0.3577708764	0.9155417528
belief	1	0.2	0.3577708764	0.9155417528
devolve	1	0.2	0.3577708764	0.9155417528
unsatisfied	1	0.2	0.3577708764	0.9155417528
feel	5	1.6	1.27121988657	4.14243977313
maritime	3	0.4	0.37947331922	1.15894663844
introduction	1	0.2	0.3577708764	0.9155417528
least	2	0.8	0.551361950084	1.90272390017
option	4	0.2	0.3577708764	0.9155417528
diffusion	1	0.2	0.3577708764	0.9155417528
heaviest	1	0.2	0.3577708764	0.9155417528
orders	2	0.2	0.3577708764	0.9155417528
value	6	0.8	0.987927122818	2.77585424564
unreasonable	2	0.2	0.3577708764	0.9155417528
charged	2	0.4	0.37947331922	1.15894663844
obligations	8	1.2	1.70176379089	4.60352758179
find	3	1.2	0.819756061277	2.83951212255
regulations	2	0.4	0.37947331922	1.15894663844
his	14	6.6	2.81567043526	12.2313408705
distance	1	0.2	0.3577708764	0.9155417528
express	4	0.6	0.309838667697	1.21967733539
merchandise	1	0.2	0.3577708764	0.9155417528
activity	1	0.2	0.3577708764	0.9155417528
forego	1	0.2	0.3577708764	0.9155417528
set	1	0.2	0.3577708764	0.9155417528
patriotism	2	0.6	0.651152823844	1.90230564769
use	3	1.0	0.632455532034	2.26491106407
incident	3	0.6	0.651152823844	1.90230564769
vessel	1	0.2	0.3577708764	0.9155417528
expensive	1	0.2	0.3577708764	0.9155417528
unaided	1	0.2	0.3577708764	0.9155417528
due	6	2.6	1.6994116629	5.9988233258
despite	1	0.2	0.3577708764	0.9155417528
look	3	0.4	0.7155417528	1.8310835056
elections	2	0.4	0.37947331922	1.15894663844
while	9	4.2	1.6	7.4
substantial	1	0.2	0.3577708764	0.9155417528
wherever	1	0.2	0.3577708764	0.9155417528
owes	1	0.2	0.3577708764	0.9155417528
higher	1	0.2	0.3577708764	0.9155417528
moment	2	0.6	0.309838667697	1.21967733539
necessity	7	1.8	1.16619037897	4.13238075794
makes	2	0.2	0.3577708764	0.9155417528
regulating	3	0.2	0.3577708764	0.9155417528
entry	1	0.2	0.3577708764	0.9155417528
reliance	1	0.2	0.3577708764	0.9155417528
exclusively	2	0.4	0.37947331922	1.15894663844
governmental	2	0.2	0.3577708764	0.9155417528
redeem	2	0.4	0.7155417528	1.8310835056
delivered	1	0.2	0.3577708764	0.9155417528
affects	1	0.2	0.3577708764	0.9155417528
exceeding	1	0.2	0.3577708764	0.9155417528
per	2	0.4	0.7155417528	1.8310835056
prosecuted	2	0.4	0.37947331922	1.15894663844
rivers	1	0.2	0.3577708764	0.9155417528
augmenting	1	0.2	0.3577708764	0.9155417528
inclination	1	0.2	0.3577708764	0.9155417528
run	3	0.6	0.651152823844	1.90230564769
become	5	2.0	0.894427191	3.788854382
relating	1	0.2	0.3577708764	0.9155417528
wealth	4	0.8	0.551361950084	1.90272390017
consequently	1	0.2	0.3577708764	0.9155417528
plenty	1	0.2	0.3577708764	0.9155417528
visit	2	0.2	0.3577708764	0.9155417528
invading	1	0.2	0.3577708764	0.9155417528
governed	3	0.8	0.75894663844	2.31789327688
ordered	1	0.2	0.3577708764	0.9155417528
elsewhere	1	0.2	0.3577708764	0.9155417528
duly	3	0.6	0.651152823844	1.90230564769
properly	3	0.6	1.0733126292	2.7466252584
considerable	2	0.8	0.551361950084	1.90272390017
inducements	2	0.4	0.7155417528	1.8310835056
up	5	2.4	1.21983605456	4.83967210912
fluctuations	1	0.2	0.3577708764	0.9155417528
called	5	1.8	1.43666279969	4.67332559937
brethren	1	0.2	0.3577708764	0.9155417528
coastwise	1	0.2	0.3577708764	0.9155417528
amounts	1	0.2	0.3577708764	0.9155417528
composing	1	0.2	0.3577708764	0.9155417528
issued	3	1.0	0.632455532034	2.26491106407
go	2	0.4	0.37947331922	1.15894663844
young	1	0.2	0.3577708764	0.9155417528
susceptible	1	0.2	0.3577708764	0.9155417528
specific	2	0.4	0.37947331922	1.15894663844
moderate	2	0.4	0.37947331922	1.15894663844
notes	8	1.6	1.64438438329	4.88876876658
anxious	1	0.2	0.3577708764	0.9155417528
restoring	1	0.2	0.3577708764	0.9155417528
pledge	2	0.6	0.309838667697	1.21967733539
ardent	1	0.2	0.3577708764	0.9155417528
negotiated	3	0.4	0.7155417528	1.8310835056
exercise	7	1.8	1.5205262247	4.8410524494
advantageously	1	0.2	0.3577708764	0.9155417528
exchange	6	1.8	0.843800924389	3.48760184878
commercial	6	2.0	1.41421356237	4.82842712475
consideration	13	4.0	2.52982212813	9.05964425627
fifteen	1	0.2	0.3577708764	0.9155417528
extreme	1	0.2	0.3577708764	0.9155417528
32	2	0.2	0.3577708764	0.9155417528
confidence	4	1.0	0.894427191	2.788854382
doubt	4	1.8	0.92951600309	3.65903200618
constitutionally	1	0.2	0.3577708764	0.9155417528
means	12	4.8	2.4819347292	9.7638694584
belgian	2	0.2	0.3577708764	0.9155417528
dealings	2	0.4	0.7155417528	1.8310835056
announcing	1	0.2	0.3577708764	0.9155417528
fulfill	3	0.8	0.551361950084	1.90272390017
hesitate	1	0.2	0.3577708764	0.9155417528
protect	2	0.6	0.309838667697	1.21967733539
productive	3	0.4	0.37947331922	1.15894663844
interrupted	1	0.2	0.3577708764	0.9155417528
chief	4	0.6	1.0733126292	2.7466252584
furnish	4	0.4	0.37947331922	1.15894663844
sanctioned	1	0.2	0.3577708764	0.9155417528
produces	1	0.2	0.3577708764	0.9155417528
instruments	1	0.2	0.3577708764	0.9155417528
hands	2	0.6	0.309838667697	1.21967733539
seas	3	0.6	0.651152823844	1.90230564769
kindness	1	0.2	0.3577708764	0.9155417528
day	8	2.6	2.1184900283	6.8369800566
mode	3	0.8	0.551361950084	1.90272390017
frontier	4	1.2	1.30230564769	3.80461129538
may	40	17.4	9.8914104151	37.1828208302
arkansas	1	0.2	0.3577708764	0.9155417528
hazard	1	0.2	0.3577708764	0.9155417528
conflicts	2	0.6	0.651152823844	1.90230564769
pecuniary	1	0.2	0.3577708764	0.9155417528
plainly	1	0.2	0.3577708764	0.9155417528
possessing	1	0.2	0.3577708764	0.9155417528
unequivocal	1	0.2	0.3577708764	0.9155417528
final	2	0.6	0.651152823844	1.90230564769
diminish	1	0.2	0.3577708764	0.9155417528
discretionary	1	0.2	0.3577708764	0.9155417528
things	4	1.4	1.20664825032	3.81329650064
beg	1	0.2	0.3577708764	0.9155417528
fail	5	1.8	1.1242775458	4.04855509161
competency	2	0.2	0.3577708764	0.9155417528
arm	1	0.2	0.3577708764	0.9155417528
fear	1	0.2	0.3577708764	0.9155417528
principal	4	1.4	0.8	3.0
knowledge	4	1.2	0.521536192416	2.24307238483
accrue	1	0.2	0.3577708764	0.9155417528
legitimate	2	0.2	0.3577708764	0.9155417528
exchanges	2	0.4	0.7155417528	1.8310835056
glory	2	0.6	0.651152823844	1.90230564769
taxes	2	0.8	0.1788854382	1.1577708764
ascertain	1	0.2	0.3577708764	0.9155417528
exists	4	0.8	1.4310835056	3.6621670112
capitalists	1	0.2	0.3577708764	0.9155417528
merits	1	0.2	0.3577708764	0.9155417528
signed	2	0.2	0.3577708764	0.9155417528
destiny	1	0.2	0.3577708764	0.9155417528
progress	5	1.8	1.05451410612	3.90902821223
boundary	4	2.2	0.889943818451	3.9798876369
importance	7	3.2	1.6	6.4
agencies	3	0.2	0.3577708764	0.9155417528
approval	2	0.4	0.7155417528	1.8310835056
limits	5	2.4	1.21983605456	4.83967210912
safely	1	0.2	0.3577708764	0.9155417528
agents	4	1.0	0.894427191	2.788854382
conclude	1	0.2	0.3577708764	0.9155417528
competent	1	0.2	0.3577708764	0.9155417528
tyler	2	0.4	0.7155417528	1.8310835056
rates	3	0.4	0.37947331922	1.15894663844
abandoned	2	0.4	0.7155417528	1.8310835056
greater	5	1.2	0.885437744847	2.97087548969
enumeration	2	0.2	0.3577708764	0.9155417528
parts	4	1.2	0.819756061277	2.83951212255
party	5	1.2	0.619677335393	2.43935467079
practice	7	0.4	0.37947331922	1.15894663844
rightfully	1	0.2	0.3577708764	0.9155417528
recommendations	2	0.6	0.651152823844	1.90230564769
never	3	0.8	0.987927122818	2.77585424564
judgment	2	0.8	0.551361950084	1.90272390017
destruction	4	1.4	0.8049844719	3.0099689438
redeemable	1	0.2	0.3577708764	0.9155417528
distant	6	1.4	1.20664825032	3.81329650064
rest	4	0.6	0.651152823844	1.90230564769
deposits	5	1.0	1.788854382	4.577708764
add	2	0.4	0.37947331922	1.15894663844
citizen	3	0.8	0.551361950084	1.90272390017
resolved	1	0.2	0.3577708764	0.9155417528
judiciary	3	0.4	0.7155417528	1.8310835056
belgium	2	0.8	0.551361950084	1.90272390017
prominent	1	0.2	0.3577708764	0.9155417528
works	1	0.2	0.3577708764	0.9155417528
liquidation	2	0.2	0.3577708764	0.9155417528
wholly	1	0.2	0.3577708764	0.9155417528
lead	4	1.2	0.619677335393	2.43935467079
paper	7	1.2	1.70176379089	4.60352758179
approximating	1	0.2	0.3577708764	0.9155417528
places	3	0.8	0.551361950084	1.90272390017
equally	3	1.2	0.619677335393	2.43935467079
doubtless	2	0.2	0.3577708764	0.9155417528
funds	2	0.8	0.551361950084	1.90272390017
gain	2	0.2	0.3577708764	0.9155417528
urging	1	0.2	0.3577708764	0.9155417528
supreme	3	1.2	0.885437744847	2.97087548969
contribute	1	0.2	0.3577708764	0.9155417528
education	1	0.2	0.3577708764	0.9155417528
proceeds	2	0.2	0.3577708764	0.9155417528
ultimately	1	0.2	0.3577708764	0.9155417528
indirectly	2	0.2	0.3577708764	0.9155417528
