consists	1	0.2	0.3577708764	0.9155417528
effectually	1	0.2	0.3577708764	0.9155417528
pride	1	0.2	0.3577708764	0.9155417528
welfare	1	0.2	0.3577708764	0.9155417528
even	2	0.8	0.551361950084	1.90272390017
military	6	1.0	0.4472135955	1.894427191
term	2	0.8	0.551361950084	1.90272390017
stand	1	0.2	0.3577708764	0.9155417528
arms	3	0.4	0.7155417528	1.8310835056
want	2	0.2	0.3577708764	0.9155417528
feature	1	0.2	0.3577708764	0.9155417528
attempt	1	0.2	0.3577708764	0.9155417528
fit	1	0.2	0.3577708764	0.9155417528
anticipations	1	0.2	0.3577708764	0.9155417528
restraint	1	0.2	0.3577708764	0.9155417528
resume	1	0.2	0.3577708764	0.9155417528
hostility	1	0.2	0.3577708764	0.9155417528
cooperation	1	0.2	0.3577708764	0.9155417528
accord	1	0.2	0.3577708764	0.9155417528
enterprises	1	0.2	0.3577708764	0.9155417528
deliberations	1	0.2	0.3577708764	0.9155417528
appeals	1	0.2	0.3577708764	0.9155417528
dignity	2	0.2	0.3577708764	0.9155417528
crown	1	0.2	0.3577708764	0.9155417528
insult	1	0.2	0.3577708764	0.9155417528
stores	2	0.4	0.37947331922	1.15894663844
suspicions	1	0.2	0.3577708764	0.9155417528
papers	2	0.4	0.7155417528	1.8310835056
partiality	1	0.2	0.3577708764	0.9155417528
supplies	2	0.4	0.37947331922	1.15894663844
depository	1	0.2	0.3577708764	0.9155417528
accumulation	1	0.2	0.3577708764	0.9155417528
uniform	1	0.2	0.3577708764	0.9155417528
troops	2	0.8	0.551361950084	1.90272390017
representation	1	0.2	0.3577708764	0.9155417528
3	3	1.2	0.885437744847	2.97087548969
liberality	1	0.2	0.3577708764	0.9155417528
ohio	1	0.2	0.3577708764	0.9155417528
administered	1	0.2	0.3577708764	0.9155417528
forever	1	0.2	0.3577708764	0.9155417528
subsequent	1	0.2	0.3577708764	0.9155417528
solemnly	1	0.2	0.3577708764	0.9155417528
merit	1	0.2	0.3577708764	0.9155417528
effectual	1	0.2	0.3577708764	0.9155417528
temper	1	0.2	0.3577708764	0.9155417528
color	1	0.2	0.3577708764	0.9155417528
awakened	1	0.2	0.3577708764	0.9155417528
delicate	1	0.2	0.3577708764	0.9155417528
guided	1	0.2	0.3577708764	0.9155417528
burthens	1	0.2	0.3577708764	0.9155417528
accounts	1	0.2	0.3577708764	0.9155417528
belonging	1	0.2	0.3577708764	0.9155417528
ten	1	0.2	0.3577708764	0.9155417528
neglected	1	0.2	0.3577708764	0.9155417528
privileges	1	0.2	0.3577708764	0.9155417528
relate	2	0.2	0.3577708764	0.9155417528
forbear	1	0.2	0.3577708764	0.9155417528
belligerent	1	0.2	0.3577708764	0.9155417528
instances	1	0.2	0.3577708764	0.9155417528
scheme	1	0.2	0.3577708764	0.9155417528
jurisdiction	3	1.0	0.632455532034	2.26491106407
dependent	1	0.2	0.3577708764	0.9155417528
moderation	1	0.2	0.3577708764	0.9155417528
demand	1	0.2	0.3577708764	0.9155417528
fate	1	0.2	0.3577708764	0.9155417528
admission	1	0.2	0.3577708764	0.9155417528
range	1	0.2	0.3577708764	0.9155417528
usurp	1	0.2	0.3577708764	0.9155417528
warlike	2	0.2	0.3577708764	0.9155417528
prudence	1	0.2	0.3577708764	0.9155417528
posture	1	0.2	0.3577708764	0.9155417528
enforce	1	0.2	0.3577708764	0.9155417528
prizes	1	0.2	0.3577708764	0.9155417528
procuring	1	0.2	0.3577708764	0.9155417528
fulfillment	2	0.8	0.551361950084	1.90272390017
frontiers	1	0.2	0.3577708764	0.9155417528
commodities	1	0.2	0.3577708764	0.9155417528
rising	1	0.2	0.3577708764	0.9155417528
hands	2	0.8	0.551361950084	1.90272390017
hostile	2	0.8	0.551361950084	1.90272390017
keep	1	0.2	0.3577708764	0.9155417528
painful	1	0.2	0.3577708764	0.9155417528
recess	2	0.4	0.7155417528	1.8310835056
conciliate	1	0.2	0.3577708764	0.9155417528
attained	1	0.2	0.3577708764	0.9155417528
conform	1	0.2	0.3577708764	0.9155417528
equal	2	1.0	0.4472135955	1.894427191
addition	2	0.8	0.551361950084	1.90272390017
incapable	1	0.2	0.3577708764	0.9155417528
arrest	1	0.2	0.3577708764	0.9155417528
ought	4	1.8	0.92951600309	3.65903200618
loan	2	0.2	0.3577708764	0.9155417528
resolved	1	0.2	0.3577708764	0.9155417528
urgent	1	0.2	0.3577708764	0.9155417528
lost	2	0.8	0.551361950084	1.90272390017
recommendation	1	0.2	0.3577708764	0.9155417528
avoid	1	0.2	0.3577708764	0.9155417528
prohibited	1	0.2	0.3577708764	0.9155417528
function	1	0.2	0.3577708764	0.9155417528
courts	3	0.4	0.7155417528	1.8310835056
inadequate	1	0.2	0.3577708764	0.9155417528
