aggression	1	0.2	0.3577708764	0.9155417528
effectually	1	0.2	0.3577708764	0.9155417528
productiveness	1	0.2	0.3577708764	0.9155417528
encounter	1	0.2	0.3577708764	0.9155417528
cause	8	2.8	1.93907194297	6.67814388593
sustaining	4	0.6	0.309838667697	1.21967733539
estimated	3	1.2	0.819756061277	2.83951212255
consisting	1	0.2	0.3577708764	0.9155417528
deemed	4	0.8	1.4310835056	3.6621670112
obtained	2	0.6	0.651152823844	1.90230564769
rests	2	0.6	0.309838667697	1.21967733539
reports	1	0.2	0.3577708764	0.9155417528
controversy	1	0.2	0.3577708764	0.9155417528
military	8	2.2	1.93907194297	6.07814388593
postponed	1	0.2	0.3577708764	0.9155417528
natural	1	0.2	0.3577708764	0.9155417528
army	3	0.6	0.651152823844	1.90230564769
indians	3	1.6	0.489897948557	2.57979589711
preserved	2	0.6	0.651152823844	1.90230564769
wars	2	0.4	0.7155417528	1.8310835056
hold	2	0.4	0.7155417528	1.8310835056
entertained	4	1.8	0.843800924389	3.48760184878
organized	3	0.2	0.3577708764	0.9155417528
caution	1	0.2	0.3577708764	0.9155417528
end	2	0.8	0.551361950084	1.90272390017
inhabitants	3	0.6	1.0733126292	2.7466252584
ratification	3	1.0	0.894427191	2.788854382
operations	6	1.2	0.885437744847	2.97087548969
satisfied	3	0.2	0.3577708764	0.9155417528
presence	1	0.2	0.3577708764	0.9155417528
they	17	11.0	2.96647939484	16.9329587897
reasonably	1	0.2	0.3577708764	0.9155417528
willing	1	0.2	0.3577708764	0.9155417528
each	11	4.6	3.12665955934	10.8533191187
impossible	1	0.2	0.3577708764	0.9155417528
millions	7	0.4	0.37947331922	1.15894663844
provide	2	0.6	0.309838667697	1.21967733539
small	2	1.0	0.4472135955	1.894427191
broken	1	0.2	0.3577708764	0.9155417528
establishments	1	0.2	0.3577708764	0.9155417528
western	2	0.2	0.3577708764	0.9155417528
peculiar	2	0.2	0.3577708764	0.9155417528
powers	8	3.0	2.32379000772	7.64758001545
malady	2	0.2	0.3577708764	0.9155417528
seen	2	0.6	0.651152823844	1.90230564769
organization	2	0.6	0.651152823844	1.90230564769
eminent	1	0.2	0.3577708764	0.9155417528
institution	3	0.6	1.0733126292	2.7466252584
situation	2	0.8	0.551361950084	1.90272390017
injuries	2	0.2	0.3577708764	0.9155417528
cooperation	2	0.4	0.37947331922	1.15894663844
refinement	1	0.2	0.3577708764	0.9155417528
russia	2	0.4	0.37947331922	1.15894663844
30th	3	0.2	0.3577708764	0.9155417528
wider	1	0.2	0.3577708764	0.9155417528
strong	4	1.2	0.885437744847	2.97087548969
basis	5	0.8	0.987927122818	2.77585424564
suppress	2	0.4	0.7155417528	1.8310835056
study	1	0.2	0.3577708764	0.9155417528
1817	2	0.2	0.3577708764	0.9155417528
colonies	4	0.2	0.3577708764	0.9155417528
several	5	2.6	1.01980390272	4.63960780544
entitled	3	0.6	0.651152823844	1.90230564769
prescribed	2	0.4	0.37947331922	1.15894663844
feelings	3	0.6	0.309838667697	1.21967733539
advanced	2	0.2	0.3577708764	0.9155417528
right	9	2.6	1.95959179423	6.51918358845
subordination	1	0.2	0.3577708764	0.9155417528
proceed	1	0.2	0.3577708764	0.9155417528
discharging	1	0.2	0.3577708764	0.9155417528
facility	1	0.2	0.3577708764	0.9155417528
balances	2	0.2	0.3577708764	0.9155417528
doctrine	1	0.2	0.3577708764	0.9155417528
differences	4	0.8	0.75894663844	2.31789327688
hemisphere	2	0.4	0.37947331922	1.15894663844
removed	2	0.8	0.551361950084	1.90272390017
sight	1	0.2	0.3577708764	0.9155417528
abstract	1	0.2	0.3577708764	0.9155417528
faithful	3	0.8	0.551361950084	1.90272390017
why	1	0.2	0.3577708764	0.9155417528
happily	1	0.2	0.3577708764	0.9155417528
depend	1	0.2	0.3577708764	0.9155417528
sovereignty	2	0.4	0.37947331922	1.15894663844
advantage	5	0.4	0.7155417528	1.8310835056
rights	6	2.8	1.48054044187	5.76108088373
science	2	0.4	0.37947331922	1.15894663844
appear	3	0.8	0.1788854382	1.1577708764
current	2	0.8	0.551361950084	1.90272390017
along	2	0.4	0.7155417528	1.8310835056
appears	3	0.6	0.651152823844	1.90230564769
trial	1	0.2	0.3577708764	0.9155417528
territories	1	0.2	0.3577708764	0.9155417528
cherished	1	0.2	0.3577708764	0.9155417528
virtue	1	0.2	0.3577708764	0.9155417528
goods	2	0.2	0.3577708764	0.9155417528
facilitating	1	0.2	0.3577708764	0.9155417528
slightest	2	0.4	0.7155417528	1.8310835056
date	4	0.4	0.37947331922	1.15894663844
destructive	1	0.2	0.3577708764	0.9155417528
constituents	2	0.6	0.651152823844	1.90230564769
forms	1	0.2	0.3577708764	0.9155417528
work	2	0.8	0.551361950084	1.90272390017
provision	6	1.8	1.43666279969	4.67332559937
execute	3	0.2	0.3577708764	0.9155417528
james	2	0.2	0.3577708764	0.9155417528
opened	4	0.2	0.3577708764	0.9155417528
obligation	1	0.2	0.3577708764	0.9155417528
impose	2	0.4	0.7155417528	1.8310835056
first	9	3.6	2.0591260282	7.71825205639
suspend	2	0.2	0.3577708764	0.9155417528
carry	4	0.8	0.551361950084	1.90272390017
city	2	0.2	0.3577708764	0.9155417528
europe	3	1.2	0.885437744847	2.97087548969
12	2	0.2	0.3577708764	0.9155417528
recover	1	0.2	0.3577708764	0.9155417528
instructed	2	0.6	0.651152823844	1.90230564769
maintain	3	0.8	0.551361950084	1.90272390017
unavailing	1	0.2	0.3577708764	0.9155417528
precise	2	0.2	0.3577708764	0.9155417528
merit	1	0.2	0.3577708764	0.9155417528
proclamation	3	0.2	0.3577708764	0.9155417528
fortifications	2	0.6	0.309838667697	1.21967733539
resource	1	0.2	0.3577708764	0.9155417528
communicated	5	2.2	0.748331477355	3.69666295471
affecting	1	0.2	0.3577708764	0.9155417528
according	2	0.4	0.37947331922	1.15894663844
susceptible	1	0.2	0.3577708764	0.9155417528
maintained	2	0.4	0.37947331922	1.15894663844
west	5	0.4	0.37947331922	1.15894663844
direction	3	1.0	0.632455532034	2.26491106407
granted	1	0.2	0.3577708764	0.9155417528
tend	1	0.2	0.3577708764	0.9155417528
fully	4	1.0	0.632455532034	2.26491106407
specified	2	0.2	0.3577708764	0.9155417528
duration	1	0.2	0.3577708764	0.9155417528
organizing	1	0.2	0.3577708764	0.9155417528
redeeming	1	0.2	0.3577708764	0.9155417528
reasons	2	0.4	0.7155417528	1.8310835056
critical	1	0.2	0.3577708764	0.9155417528
refer	3	0.8	0.551361950084	1.90272390017
communicate	3	0.8	0.987927122818	2.77585424564
sustain	2	0.4	0.37947331922	1.15894663844
practical	2	0.2	0.3577708764	0.9155417528
act	17	5.2	3.1874754901	11.5749509802
road	5	0.2	0.3577708764	0.9155417528
accounts	5	0.4	0.37947331922	1.15894663844
parties	2	0.8	0.551361950084	1.90272390017
assumed	1	0.2	0.3577708764	0.9155417528
there	10	4.8	1.6	8.0
vested	2	0.6	0.651152823844	1.90230564769
unsettled	5	0.4	0.7155417528	1.8310835056
stock	2	0.6	0.651152823844	1.90230564769
deem	2	0.8	0.551361950084	1.90272390017
fill	1	0.2	0.3577708764	0.9155417528
thither	1	0.2	0.3577708764	0.9155417528
field	1	0.2	0.3577708764	0.9155417528
desolation	1	0.2	0.3577708764	0.9155417528
arsenals	1	0.2	0.3577708764	0.9155417528
original	2	0.2	0.3577708764	0.9155417528
paying	1	0.2	0.3577708764	0.9155417528
settled	3	1.2	0.521536192416	2.24307238483
imported	2	0.2	0.3577708764	0.9155417528
advantageous	1	0.2	0.3577708764	0.9155417528
section	2	0.2	0.3577708764	0.9155417528
conviction	1	0.2	0.3577708764	0.9155417528
extraordinary	1	0.2	0.3577708764	0.9155417528
compliance	4	0.2	0.3577708764	0.9155417528
trained	1	0.2	0.3577708764	0.9155417528
sanction	2	0.8	0.551361950084	1.90272390017
distinct	2	0.2	0.3577708764	0.9155417528
6	2	0.2	0.3577708764	0.9155417528
suffered	2	0.6	0.309838667697	1.21967733539
presumed	1	0.2	0.3577708764	0.9155417528
history	2	0.2	0.3577708764	0.9155417528
september	3	0.4	0.37947331922	1.15894663844
24	1	0.2	0.3577708764	0.9155417528
23	1	0.2	0.3577708764	0.9155417528
energies	1	0.2	0.3577708764	0.9155417528
late	6	2.6	1.13490087673	4.86980175346
always	4	1.2	1.30230564769	3.80461129538
disregarded	1	0.2	0.3577708764	0.9155417528
obedience	1	0.2	0.3577708764	0.9155417528
supposed	2	0.4	0.37947331922	1.15894663844
sole	1	0.2	0.3577708764	0.9155417528
declare	1	0.2	0.3577708764	0.9155417528
orders	2	0.6	0.651152823844	1.90230564769
distressing	1	0.2	0.3577708764	0.9155417528
ruin	1	0.2	0.3577708764	0.9155417528
see	2	1.0	0.4472135955	1.894427191
improved	1	0.2	0.3577708764	0.9155417528
solely	1	0.2	0.3577708764	0.9155417528
forgotten	1	0.2	0.3577708764	0.9155417528
whole	6	1.6	2.00399600798	5.60799201596
finds	1	0.2	0.3577708764	0.9155417528
improper	2	0.2	0.3577708764	0.9155417528
empty	1	0.2	0.3577708764	0.9155417528
exempt	1	0.2	0.3577708764	0.9155417528
moderation	1	0.2	0.3577708764	0.9155417528
solid	1	0.2	0.3577708764	0.9155417528
governor	1	0.2	0.3577708764	0.9155417528
prescribe	1	0.2	0.3577708764	0.9155417528
sacred	2	0.4	0.37947331922	1.15894663844
navigation	3	1.2	0.885437744847	2.97087548969
presume	1	0.2	0.3577708764	0.9155417528
execution	3	1.4	0.489897948557	2.37979589711
exclusively	2	0.6	0.651152823844	1.90230564769
emergency	2	0.8	0.1788854382	1.1577708764
demands	2	0.2	0.3577708764	0.9155417528
unite	1	0.2	0.3577708764	0.9155417528
manifest	2	0.2	0.3577708764	0.9155417528
amicably	1	0.2	0.3577708764	0.9155417528
often	3	0.6	0.651152823844	1.90230564769
examples	1	0.2	0.3577708764	0.9155417528
regular	3	0.2	0.3577708764	0.9155417528
militia	3	0.6	1.0733126292	2.7466252584
repair	1	0.2	0.3577708764	0.9155417528
superior	1	0.2	0.3577708764	0.9155417528
appropriate	2	0.4	0.37947331922	1.15894663844
renewal	1	0.2	0.3577708764	0.9155417528
occupy	1	0.2	0.3577708764	0.9155417528
reimbursement	1	0.2	0.3577708764	0.9155417528
atlantic	3	0.2	0.3577708764	0.9155417528
foresight	1	0.2	0.3577708764	0.9155417528
mature	1	0.2	0.3577708764	0.9155417528
salutary	1	0.2	0.3577708764	0.9155417528
prepared	2	0.2	0.3577708764	0.9155417528
age	2	0.4	0.7155417528	1.8310835056
continues	2	0.6	0.651152823844	1.90230564769
1816	1	0.2	0.3577708764	0.9155417528
leaving	3	0.4	0.37947331922	1.15894663844
principally	1	0.2	0.3577708764	0.9155417528
explain	1	0.2	0.3577708764	0.9155417528
apply	1	0.2	0.3577708764	0.9155417528
manufactures	4	0.6	0.651152823844	1.90230564769
obvious	1	0.2	0.3577708764	0.9155417528
process	1	0.2	0.3577708764	0.9155417528
promptitude	1	0.2	0.3577708764	0.9155417528
sentiments	5	1.0	1.3416407865	3.683281573
light	2	0.4	0.37947331922	1.15894663844
divided	1	0.2	0.3577708764	0.9155417528
including	2	0.2	0.3577708764	0.9155417528
thence	1	0.2	0.3577708764	0.9155417528
invitations	1	0.2	0.3577708764	0.9155417528
mode	3	1.2	0.885437744847	2.97087548969
exceeded	4	0.2	0.3577708764	0.9155417528
80	1	0.2	0.3577708764	0.9155417528
special	1	0.2	0.3577708764	0.9155417528
confident	1	0.2	0.3577708764	0.9155417528
keep	3	0.4	0.37947331922	1.15894663844
secured	5	0.8	0.75894663844	2.31789327688
occurrences	1	0.2	0.3577708764	0.9155417528
legislative	2	0.8	0.551361950084	1.90272390017
ancient	1	0.2	0.3577708764	0.9155417528
providing	2	0.8	0.551361950084	1.90272390017
distinguished	1	0.2	0.3577708764	0.9155417528
devotion	1	0.2	0.3577708764	0.9155417528
repairs	2	0.2	0.3577708764	0.9155417528
signally	1	0.2	0.3577708764	0.9155417528
bring	2	1.0	0.0	1.0
promote	2	0.4	0.7155417528	1.8310835056
destiny	1	0.2	0.3577708764	0.9155417528
favor	5	1.2	0.619677335393	2.43935467079
progress	6	2.6	1.62480768093	5.84961536185
ability	1	0.2	0.3577708764	0.9155417528
equal	10	1.0	0.4472135955	1.894427191
april	2	0.2	0.3577708764	0.9155417528
competent	4	0.2	0.3577708764	0.9155417528
improve	1	0.2	0.3577708764	0.9155417528
corresponding	1	0.2	0.3577708764	0.9155417528
essentially	4	0.2	0.3577708764	0.9155417528
promoted	1	0.2	0.3577708764	0.9155417528
advisable	2	0.6	0.651152823844	1.90230564769
arrangements	1	0.2	0.3577708764	0.9155417528
claimed	1	0.2	0.3577708764	0.9155417528
member	1	0.2	0.3577708764	0.9155417528
object	6	2.6	1.2	5.0
thought	4	0.4	0.37947331922	1.15894663844
position	4	0.4	0.7155417528	1.8310835056
arming	1	0.2	0.3577708764	0.9155417528
immediately	3	0.8	0.75894663844	2.31789327688
like	3	0.8	0.551361950084	1.90272390017
therein	2	0.2	0.3577708764	0.9155417528
proper	11	3.2	2.63818119165	8.47636238331
demonstration	1	0.2	0.3577708764	0.9155417528
expansion	1	0.2	0.3577708764	0.9155417528
actual	2	0.6	0.651152823844	1.90230564769
emperor	1	0.2	0.3577708764	0.9155417528
utility	1	0.2	0.3577708764	0.9155417528
support	2	0.6	0.309838667697	1.21967733539
neutral	2	0.2	0.3577708764	0.9155417528
construction	5	0.6	1.0733126292	2.7466252584
bearing	3	0.2	0.3577708764	0.9155417528
relates	4	0.2	0.3577708764	0.9155417528
details	3	0.4	0.37947331922	1.15894663844
june	2	0.6	0.651152823844	1.90230564769
augmented	2	0.4	0.7155417528	1.8310835056
