attracted	1	0.2	0.3577708764	0.9155417528
welfare	2	0.4	0.37947331922	1.15894663844
obtained	2	0.6	0.651152823844	1.90230564769
york	1	0.2	0.3577708764	0.9155417528
interposition	2	0.4	0.37947331922	1.15894663844
accomplishment	2	0.2	0.3577708764	0.9155417528
london	2	0.2	0.3577708764	0.9155417528
effects	1	0.2	0.3577708764	0.9155417528
councils	1	0.2	0.3577708764	0.9155417528
free	2	0.4	0.7155417528	1.8310835056
small	2	1.0	0.4472135955	1.894427191
ordnance	1	0.2	0.3577708764	0.9155417528
professions	1	0.2	0.3577708764	0.9155417528
primary	1	0.2	0.3577708764	0.9155417528
danish	3	0.2	0.3577708764	0.9155417528
adequate	1	0.2	0.3577708764	0.9155417528
expediency	1	0.2	0.3577708764	0.9155417528
expense	4	1.4	0.8049844719	3.0099689438
skill	1	0.2	0.3577708764	0.9155417528
remained	1	0.2	0.3577708764	0.9155417528
efficacy	2	0.2	0.3577708764	0.9155417528
misconstruction	1	0.2	0.3577708764	0.9155417528
regarded	2	0.6	0.651152823844	1.90230564769
judge	1	0.2	0.3577708764	0.9155417528
statements	3	0.4	0.7155417528	1.8310835056
indispensable	3	0.8	0.551361950084	1.90272390017
jealousy	1	0.2	0.3577708764	0.9155417528
form	2	0.6	0.309838667697	1.21967733539
portions	2	0.6	0.651152823844	1.90230564769
negotiations	1	0.2	0.3577708764	0.9155417528
midst	1	0.2	0.3577708764	0.9155417528
science	2	0.6	0.651152823844	1.90230564769
commissioned	2	0.2	0.3577708764	0.9155417528
council	3	0.2	0.3577708764	0.9155417528
offense	1	0.2	0.3577708764	0.9155417528
occur	1	0.2	0.3577708764	0.9155417528
dispositions	1	0.2	0.3577708764	0.9155417528
furnished	2	0.2	0.3577708764	0.9155417528
equality	1	0.2	0.3577708764	0.9155417528
james	2	0.6	0.651152823844	1.90230564769
advantages	2	0.8	0.551361950084	1.90272390017
accommodation	1	0.2	0.3577708764	0.9155417528
recompense	1	0.2	0.3577708764	0.9155417528
2	2	0.8	0.1788854382	1.1577708764
distinctly	1	0.2	0.3577708764	0.9155417528
seat	2	0.6	0.309838667697	1.21967733539
import	1	0.2	0.3577708764	0.9155417528
combined	2	0.2	0.3577708764	0.9155417528
blessing	1	0.2	0.3577708764	0.9155417528
developing	1	0.2	0.3577708764	0.9155417528
assure	1	0.2	0.3577708764	0.9155417528
events	2	0.6	0.309838667697	1.21967733539
exceptions	1	0.2	0.3577708764	0.9155417528
rules	2	0.2	0.3577708764	0.9155417528
competition	1	0.2	0.3577708764	0.9155417528
capable	1	0.2	0.3577708764	0.9155417528
communication	3	1.6	0.489897948557	2.57979589711
abuses	1	0.2	0.3577708764	0.9155417528
ensuing	3	0.8	0.551361950084	1.90272390017
5	3	1.0	0.4472135955	1.894427191
provisions	4	2.2	0.889943818451	3.9798876369
blockade	1	0.2	0.3577708764	0.9155417528
applicable	1	0.2	0.3577708764	0.9155417528
armories	1	0.2	0.3577708764	0.9155417528
prevailed	1	0.2	0.3577708764	0.9155417528
occupancy	1	0.2	0.3577708764	0.9155417528
experience	2	0.8	0.1788854382	1.1577708764
social	1	0.2	0.3577708764	0.9155417528
followed	1	0.2	0.3577708764	0.9155417528
actually	1	0.2	0.3577708764	0.9155417528
anticipated	1	0.2	0.3577708764	0.9155417528
just	4	1.6	0.903327183251	3.4066543665
prejudice	1	0.2	0.3577708764	0.9155417528
precautionary	1	0.2	0.3577708764	0.9155417528
scarcely	1	0.2	0.3577708764	0.9155417528
diffusion	1	0.2	0.3577708764	0.9155417528
instruction	4	0.4	0.7155417528	1.8310835056
strengthen	1	0.2	0.3577708764	0.9155417528
orders	5	0.8	0.75894663844	2.31789327688
added	1	0.2	0.3577708764	0.9155417528
inconvenience	1	0.2	0.3577708764	0.9155417528
devising	1	0.2	0.3577708764	0.9155417528
art	1	0.2	0.3577708764	0.9155417528
instituted	1	0.2	0.3577708764	0.9155417528
substantial	1	0.2	0.3577708764	0.9155417528
itself	4	1.4	1.20332871652	3.80665743304
patriotic	1	0.2	0.3577708764	0.9155417528
presume	1	0.2	0.3577708764	0.9155417528
purview	1	0.2	0.3577708764	0.9155417528
discipline	2	0.2	0.3577708764	0.9155417528
recommended	2	0.6	0.651152823844	1.90230564769
emanating	1	0.2	0.3577708764	0.9155417528
formal	1	0.2	0.3577708764	0.9155417528
communications	1	0.2	0.3577708764	0.9155417528
premium	1	0.2	0.3577708764	0.9155417528
elsewhere	1	0.2	0.3577708764	0.9155417528
reimbursed	1	0.2	0.3577708764	0.9155417528
provided	3	1.0	0.0	1.0
regulations	3	0.8	0.551361950084	1.90272390017
confided	1	0.2	0.3577708764	0.9155417528
consistently	1	0.2	0.3577708764	0.9155417528
experiment	1	0.2	0.3577708764	0.9155417528
body	1	0.2	0.3577708764	0.9155417528
blockades	4	0.2	0.3577708764	0.9155417528
promptitude	2	0.2	0.3577708764	0.9155417528
buildings	1	0.2	0.3577708764	0.9155417528
light	2	0.8	0.551361950084	1.90272390017
produced	2	0.6	0.651152823844	1.90230564769
labor	1	0.2	0.3577708764	0.9155417528
additional	3	1.0	0.4472135955	1.894427191
diminished	1	0.2	0.3577708764	0.9155417528
alleged	2	0.6	0.309838667697	1.21967733539
improving	1	0.2	0.3577708764	0.9155417528
patriotism	2	0.8	0.551361950084	1.90272390017
quality	1	0.2	0.3577708764	0.9155417528
uniting	1	0.2	0.3577708764	0.9155417528
academy	3	0.6	1.0733126292	2.7466252584
herself	1	0.2	0.3577708764	0.9155417528
useful	2	0.6	0.651152823844	1.90230564769
looked	1	0.2	0.3577708764	0.9155417528
fact	1	0.2	0.3577708764	0.9155417528
indeed	2	0.2	0.3577708764	0.9155417528
local	1	0.2	0.3577708764	0.9155417528
acquired	1	0.2	0.3577708764	0.9155417528
merits	1	0.2	0.3577708764	0.9155417528
injustice	1	0.2	0.3577708764	0.9155417528
constituted	1	0.2	0.3577708764	0.9155417528
invited	1	0.2	0.3577708764	0.9155417528
education	1	0.2	0.3577708764	0.9155417528
privations	1	0.2	0.3577708764	0.9155417528
supply	1	0.2	0.3577708764	0.9155417528
admitted	1	0.2	0.3577708764	0.9155417528
proofs	1	0.2	0.3577708764	0.9155417528
does	2	0.4	0.37947331922	1.15894663844
extension	1	0.2	0.3577708764	0.9155417528
recognized	1	0.2	0.3577708764	0.9155417528
intention	1	0.2	0.3577708764	0.9155417528
encouragements	1	0.2	0.3577708764	0.9155417528
neutral	5	0.6	0.651152823844	1.90230564769
distribution	1	0.2	0.3577708764	0.9155417528
