limited	5	1.6	1.15238882327	3.90477764654
four	1	0.2	0.3577708764	0.9155417528
presents	2	0.2	0.3577708764	0.9155417528
sinking	1	0.2	0.3577708764	0.9155417528
applied	5	1.0	0.894427191	2.788854382
rise	1	0.2	0.3577708764	0.9155417528
enjoy	2	0.4	0.7155417528	1.8310835056
consistent	2	0.4	0.37947331922	1.15894663844
even	5	1.6	0.489897948557	2.57979589711
conduce	1	0.2	0.3577708764	0.9155417528
liberty	6	1.2	0.521536192416	2.24307238483
consequent	1	0.2	0.3577708764	0.9155417528
new	9	4.2	2.13541565041	8.47083130081
ever	6	1.0	0.632455532034	2.26491106407
here	2	0.8	0.1788854382	1.1577708764
protection	9	3.2	2.21630322835	7.6326064567
property	4	1.2	0.521536192416	2.24307238483
shipping	2	0.4	0.7155417528	1.8310835056
campaign	1	0.2	0.3577708764	0.9155417528
removal	3	1.2	0.885437744847	2.97087548969
indians	6	1.6	0.726636084983	3.05327216997
inevitable	1	0.2	0.3577708764	0.9155417528
recommend	7	2.8	1.93907194297	6.67814388593
wars	3	1.0	0.632455532034	2.26491106407
continual	1	0.2	0.3577708764	0.9155417528
circumstances	4	1.6	0.8	3.2
grenada	1	0.2	0.3577708764	0.9155417528
my	19	7.2	3.96988664826	15.1397732965
levied	3	0.2	0.3577708764	0.9155417528
answer	1	0.2	0.3577708764	0.9155417528
after	8	1.6	1.27121988657	4.14243977313
customs	3	0.2	0.3577708764	0.9155417528
lay	2	0.4	0.7155417528	1.8310835056
purchase	2	0.6	0.651152823844	1.90230564769
occasions	4	0.2	0.3577708764	0.9155417528
acknowledged	1	0.2	0.3577708764	0.9155417528
heretofore	7	2.6	2.1184900283	6.8369800566
fix	1	0.2	0.3577708764	0.9155417528
harmony	5	0.8	0.1788854382	1.1577708764
prevented	2	0.6	0.651152823844	1.90230564769
effects	2	0.2	0.3577708764	0.9155417528
they	35	11.8	4.5343136195	20.868627239
hitherto	3	1.0	0.894427191	2.788854382
tender	1	0.2	0.3577708764	0.9155417528
willing	1	0.2	0.3577708764	0.9155417528
european	1	0.2	0.3577708764	0.9155417528
afforded	4	0.6	0.309838667697	1.21967733539
cherokees	1	0.2	0.3577708764	0.9155417528
message	5	0.8	0.987927122818	2.77585424564
merchants	1	0.2	0.3577708764	0.9155417528
safety	4	0.8	0.551361950084	1.90272390017
independence	2	0.4	0.7155417528	1.8310835056
provide	2	1.0	0.4472135955	1.894427191
little	3	1.0	0.894427191	2.788854382
free	4	0.8	0.75894663844	2.31789327688
hand	1	0.2	0.3577708764	0.9155417528
subsistence	1	0.2	0.3577708764	0.9155417528
created	3	0.4	0.7155417528	1.8310835056
professions	1	0.2	0.3577708764	0.9155417528
speedy	2	0.2	0.3577708764	0.9155417528
system	16	5.0	3.03315017762	11.0663003552
establishments	2	0.6	0.309838667697	1.21967733539
service	6	2.6	1.35646599663	5.31293199325
infancy	1	0.2	0.3577708764	0.9155417528
cordially	1	0.2	0.3577708764	0.9155417528
western	3	0.6	0.651152823844	1.90230564769
anxiety	1	0.2	0.3577708764	0.9155417528
enabled	2	0.2	0.3577708764	0.9155417528
second	2	0.8	0.551361950084	1.90272390017
seen	4	0.8	0.75894663844	2.31789327688
seem	3	1.0	0.632455532034	2.26491106407
strength	2	0.8	0.551361950084	1.90272390017
secure	4	0.8	0.551361950084	1.90272390017
thorough	2	0.2	0.3577708764	0.9155417528
regular	3	1.0	0.894427191	2.788854382
organization	2	0.8	0.551361950084	1.90272390017
enterprise	3	0.4	0.7155417528	1.8310835056
attempts	1	0.2	0.3577708764	0.9155417528
enjoyed	1	0.2	0.3577708764	0.9155417528
adequate	3	0.4	0.37947331922	1.15894663844
preferred	1	0.2	0.3577708764	0.9155417528
renewal	2	0.4	0.37947331922	1.15894663844
expediency	1	0.2	0.3577708764	0.9155417528
result	4	2.2	0.889943818451	3.9798876369
best	8	1.6	0.903327183251	3.4066543665
situation	3	0.8	0.551361950084	1.90272390017
said	1	0.2	0.3577708764	0.9155417528
capacity	3	0.2	0.3577708764	0.9155417528
preserve	4	0.6	0.309838667697	1.21967733539
men	2	0.6	0.651152823844	1.90230564769
nature	2	0.8	0.1788854382	1.1577708764
debt	11	2.6	3.04762202381	8.69524404762
suggested	3	0.6	0.309838667697	1.21967733539
trust	3	0.4	0.37947331922	1.15894663844
union	14	7.0	2.52982212813	12.0596442563
much	8	3.0	1.84390889146	6.68781778292
expected	5	1.4	0.49799598392	2.39599196784
eastern	1	0.2	0.3577708764	0.9155417528
excite	1	0.2	0.3577708764	0.9155417528
chili	1	0.2	0.3577708764	0.9155417528
deliberations	2	0.6	0.309838667697	1.21967733539
commerce	18	7.2	2.78567765544	12.7713553109
exception	1	0.2	0.3577708764	0.9155417528
apprehension	2	0.6	0.651152823844	1.90230564769
propositions	3	0.2	0.3577708764	0.9155417528
near	3	0.8	0.987927122818	2.77585424564
comparative	1	0.2	0.3577708764	0.9155417528
if	22	6.4	3.47102290399	13.342045808
make	7	2.4	1.37404512299	5.14809024597
permit	2	0.8	0.551361950084	1.90272390017
kept	1	0.2	0.3577708764	0.9155417528
embarrassments	2	0.8	0.551361950084	1.90272390017
liberal	7	1.8	2.3799159649	6.55983192981
claims	6	2.2	1.49130815058	5.18261630117
alluded	1	0.2	0.3577708764	0.9155417528
terceira	1	0.2	0.3577708764	0.9155417528
character	8	3.0	2.32379000772	7.64758001545
performance	1	0.2	0.3577708764	0.9155417528
unnecessary	2	0.4	0.7155417528	1.8310835056
offices	2	0.4	0.37947331922	1.15894663844
security	4	0.4	0.37947331922	1.15894663844
deal	1	0.2	0.3577708764	0.9155417528
maxim	1	0.2	0.3577708764	0.9155417528
contests	1	0.2	0.3577708764	0.9155417528
congratulate	2	0.4	0.7155417528	1.8310835056
limitation	1	0.2	0.3577708764	0.9155417528
citizens	17	6.8	4.48998886413	15.7799777283
recollect	1	0.2	0.3577708764	0.9155417528
considerations	4	1.0	0.632455532034	2.26491106407
discharging	2	0.4	0.37947331922	1.15894663844
civil	3	1.2	0.885437744847	2.97087548969
down	1	0.2	0.3577708764	0.9155417528
why	4	0.2	0.3577708764	0.9155417528
bolivia	1	0.2	0.3577708764	0.9155417528
ceded	1	0.2	0.3577708764	0.9155417528
evinced	3	0.4	0.7155417528	1.8310835056
reform	1	0.2	0.3577708764	0.9155417528
abstract	1	0.2	0.3577708764	0.9155417528
negotiations	2	0.4	0.37947331922	1.15894663844
faithful	4	1.2	0.885437744847	2.97087548969
generally	3	0.4	0.37947331922	1.15894663844
interested	2	0.2	0.3577708764	0.9155417528
republic	7	2.0	1.67332005307	5.34664010614
occasion	6	1.2	0.521536192416	2.24307238483
strengthened	2	0.4	0.7155417528	1.8310835056
people	20	7.8	4.87442304278	17.5488460856
permanently	1	0.2	0.3577708764	0.9155417528
none	7	0.6	0.651152823844	1.90230564769
emergencies	1	0.2	0.3577708764	0.9155417528
rights	7	3.4	1.76861527755	6.93723055511
leave	2	0.8	0.551361950084	1.90272390017
cost	1	0.2	0.3577708764	0.9155417528
uniform	1	0.2	0.3577708764	0.9155417528
international	1	0.2	0.3577708764	0.9155417528
falling	1	0.2	0.3577708764	0.9155417528
filled	1	0.2	0.3577708764	0.9155417528
funded	1	0.2	0.3577708764	0.9155417528
marked	1	0.2	0.3577708764	0.9155417528
prompt	2	0.6	0.309838667697	1.21967733539
troops	2	0.8	0.551361950084	1.90272390017
prove	2	1.0	0.4472135955	1.894427191
abroad	2	0.6	0.651152823844	1.90230564769
peru	2	0.4	0.37947331922	1.15894663844
share	1	0.2	0.3577708764	0.9155417528
apparent	1	0.2	0.3577708764	0.9155417528
refrain	2	0.2	0.3577708764	0.9155417528
reflections	1	0.2	0.3577708764	0.9155417528
renders	1	0.2	0.3577708764	0.9155417528
believed	3	0.8	0.75894663844	2.31789327688
agent	2	0.2	0.3577708764	0.9155417528
allowed	1	0.2	0.3577708764	0.9155417528
productive	4	1.2	0.885437744847	2.97087548969
use	4	1.0	1.0	3.0
destructive	1	0.2	0.3577708764	0.9155417528
inform	4	0.6	1.0733126292	2.7466252584
representation	1	0.2	0.3577708764	0.9155417528
still	5	2.2	0.889943818451	3.9798876369
1831	1	0.2	0.3577708764	0.9155417528
interesting	4	2.0	0.894427191	3.788854382
liberality	1	0.2	0.3577708764	0.9155417528
vigilance	1	0.2	0.3577708764	0.9155417528
now	18	5.2	3.54400902933	12.2880180587
rendering	1	0.2	0.3577708764	0.9155417528
legislation	6	0.2	0.3577708764	0.9155417528
republican	1	0.2	0.3577708764	0.9155417528
owing	3	0.6	0.651152823844	1.90230564769
happen	1	0.2	0.3577708764	0.9155417528
accomplish	1	0.2	0.3577708764	0.9155417528
profit	1	0.2	0.3577708764	0.9155417528
interference	1	0.2	0.3577708764	0.9155417528
investigation	3	0.8	0.551361950084	1.90272390017
rely	2	0.2	0.3577708764	0.9155417528
advantages	3	1.0	0.632455532034	2.26491106407
besides	3	0.2	0.3577708764	0.9155417528
ohio	1	0.2	0.3577708764	0.9155417528
remainder	1	0.2	0.3577708764	0.9155417528
contented	1	0.2	0.3577708764	0.9155417528
corporations	1	0.2	0.3577708764	0.9155417528
district	3	0.6	0.309838667697	1.21967733539
national	10	3.2	1.93907194297	7.07814388593
friend	1	0.2	0.3577708764	0.9155417528
16	1	0.2	0.3577708764	0.9155417528
framers	1	0.2	0.3577708764	0.9155417528
diplomatic	3	0.6	1.0733126292	2.7466252584
future	6	1.8	1.22963409192	4.25926818383
sublime	1	0.2	0.3577708764	0.9155417528
sac	1	0.2	0.3577708764	0.9155417528
reduction	3	0.8	0.987927122818	2.77585424564
prosperity	6	1.8	1.16619037897	4.13238075794
efficient	4	0.6	1.0733126292	2.7466252584
destroy	1	0.2	0.3577708764	0.9155417528
price	4	0.2	0.3577708764	0.9155417528
america	2	0.2	0.3577708764	0.9155417528
considered	3	0.6	0.651152823844	1.90230564769
sale	2	0.4	0.37947331922	1.15894663844
solemnly	1	0.2	0.3577708764	0.9155417528
show	2	0.2	0.3577708764	0.9155417528
inconsistent	1	0.2	0.3577708764	0.9155417528
remnants	1	0.2	0.3577708764	0.9155417528
black	1	0.2	0.3577708764	0.9155417528
sanguinary	1	0.2	0.3577708764	0.9155417528
neither	2	0.8	0.551361950084	1.90272390017
federal	1	0.2	0.3577708764	0.9155417528
opening	2	0.4	0.37947331922	1.15894663844
enough	1	0.2	0.3577708764	0.9155417528
come	1	0.2	0.3577708764	0.9155417528
efficiency	2	1.0	0.4472135955	1.894427191
according	3	1.0	0.4472135955	1.894427191
holders	1	0.2	0.3577708764	0.9155417528
expression	1	0.2	0.3577708764	0.9155417528
among	7	2.4	1.49666295471	5.39332590942
afterwards	1	0.2	0.3577708764	0.9155417528
dispatch	1	0.2	0.3577708764	0.9155417528
satisfaction	6	1.2	0.885437744847	2.97087548969
endeavor	1	0.2	0.3577708764	0.9155417528
reimburse	1	0.2	0.3577708764	0.9155417528
offered	1	0.2	0.3577708764	0.9155417528
andrew	2	0.4	0.7155417528	1.8310835056
observe	1	0.2	0.3577708764	0.9155417528
transactions	2	0.4	0.37947331922	1.15894663844
soil	3	0.2	0.3577708764	0.9155417528
granted	3	0.4	0.37947331922	1.15894663844
events	2	1.0	0.4472135955	1.894427191
extended	2	1.0	0.4472135955	1.894427191
vacant	1	0.2	0.3577708764	0.9155417528
termination	2	0.8	0.551361950084	1.90272390017
being	7	4.0	1.09544511501	6.19089023002
guided	2	0.2	0.3577708764	0.9155417528
death	1	0.2	0.3577708764	0.9155417528
seems	4	1.2	0.885437744847	2.97087548969
improvement	7	1.4	0.489897948557	2.37979589711
4	4	1.2	0.885437744847	2.97087548969
world	4	1.4	0.8049844719	3.0099689438
execution	5	1.6	0.8	3.2
disappointed	1	0.2	0.3577708764	0.9155417528
benefit	2	0.4	0.37947331922	1.15894663844
fully	4	1.4	1.20664825032	3.81329650064
reduced	3	0.8	0.551361950084	1.90272390017
satisfactory	6	1.2	0.819756061277	2.83951212255
madrid	1	0.2	0.3577708764	0.9155417528
calculated	3	0.6	0.651152823844	1.90230564769
duration	1	0.2	0.3577708764	0.9155417528
scientific	1	0.2	0.3577708764	0.9155417528
business	3	0.4	0.37947331922	1.15894663844
central	2	0.2	0.3577708764	0.9155417528
lands	12	0.4	0.37947331922	1.15894663844
blessed	1	0.2	0.3577708764	0.9155417528
struggle	1	0.2	0.3577708764	0.9155417528
determine	1	0.2	0.3577708764	0.9155417528
parties	4	1.0	0.632455532034	2.26491106407
calamities	1	0.2	0.3577708764	0.9155417528
assumed	1	0.2	0.3577708764	0.9155417528
disposed	2	0.6	0.651152823844	1.90230564769
longer	4	0.6	1.0733126292	2.7466252584
fraud	2	0.2	0.3577708764	0.9155417528
vice	2	0.2	0.3577708764	0.9155417528
aggressions	2	0.2	0.3577708764	0.9155417528
separate	1	0.2	0.3577708764	0.9155417528
endeavors	1	0.2	0.3577708764	0.9155417528
overture	1	0.2	0.3577708764	0.9155417528
passed	2	0.8	0.1788854382	1.1577708764
mass	1	0.2	0.3577708764	0.9155417528
doubted	2	0.4	0.37947331922	1.15894663844
embracing	1	0.2	0.3577708764	0.9155417528
caused	1	0.2	0.3577708764	0.9155417528
founded	3	0.6	0.309838667697	1.21967733539
settlement	4	1.0	0.894427191	2.788854382
present	18	6.4	5.4626001135	17.325200227
tranquillity	3	0.8	0.551361950084	1.90272390017
appointment	2	0.6	0.651152823844	1.90230564769
difference	1	0.2	0.3577708764	0.9155417528
accompanying	2	0.6	0.651152823844	1.90230564769
large	7	1.4	0.8049844719	3.0099689438
these	19	7.8	2.63818119165	13.0763623833
what	7	2.4	1.49666295471	5.39332590942
deeply	2	0.4	0.37947331922	1.15894663844
diffusing	1	0.2	0.3577708764	0.9155417528
prevailed	2	0.4	0.37947331922	1.15894663844
movement	1	0.2	0.3577708764	0.9155417528
modify	1	0.2	0.3577708764	0.9155417528
conviction	4	0.2	0.3577708764	0.9155417528
experience	3	1.2	0.4	2.0
members	2	0.2	0.3577708764	0.9155417528
archives	1	0.2	0.3577708764	0.9155417528
promoting	1	0.2	0.3577708764	0.9155417528
injury	2	0.6	0.309838667697	1.21967733539
exigency	1	0.2	0.3577708764	0.9155417528
corrected	1	0.2	0.3577708764	0.9155417528
instrumental	1	0.2	0.3577708764	0.9155417528
remain	3	0.8	0.551361950084	1.90272390017
abandon	2	0.2	0.3577708764	0.9155417528
history	2	0.6	0.651152823844	1.90230564769
tending	1	0.2	0.3577708764	0.9155417528
neglected	2	0.2	0.3577708764	0.9155417528
buenos	1	0.2	0.3577708764	0.9155417528
extinguished	1	0.2	0.3577708764	0.9155417528
reflect	1	0.2	0.3577708764	0.9155417528
already	4	1.4	0.8049844719	3.0099689438
committed	3	0.8	0.1788854382	1.1577708764
28	1	0.2	0.3577708764	0.9155417528
return	2	1.0	0.0	1.0
than	20	7.8	5.38144961883	18.5628992377
anticipated	3	0.4	0.37947331922	1.15894663844
porte	1	0.2	0.3577708764	0.9155417528
2d	1	0.2	0.3577708764	0.9155417528
found	8	2.0	0.632455532034	3.26491106407
reduce	1	0.2	0.3577708764	0.9155417528
belief	2	0.4	0.37947331922	1.15894663844
disposition	5	1.6	1.15238882327	3.90477764654
put	1	0.2	0.3577708764	0.9155417528
earliest	1	0.2	0.3577708764	0.9155417528
heroic	1	0.2	0.3577708764	0.9155417528
thrown	1	0.2	0.3577708764	0.9155417528
just	5	2.4	0.829457654133	4.05891530827
success	3	1.0	0.894427191	2.788854382
probability	1	0.2	0.3577708764	0.9155417528
preservation	4	0.6	0.309838667697	1.21967733539
general	23	3.6	1.95959179423	7.51918358845
done	4	0.8	0.551361950084	1.90272390017
embraced	1	0.2	0.3577708764	0.9155417528
master	1	0.2	0.3577708764	0.9155417528
justly	2	0.6	0.309838667697	1.21967733539
imperfect	2	0.2	0.3577708764	0.9155417528
relieved	2	0.2	0.3577708764	0.9155417528
reflection	1	0.2	0.3577708764	0.9155417528
alike	1	0.2	0.3577708764	0.9155417528
salutary	3	0.4	0.37947331922	1.15894663844
internal	6	1.4	0.8049844719	3.0099689438
reach	1	0.2	0.3577708764	0.9155417528
nothing	4	1.6	0.903327183251	3.4066543665
approved	1	0.2	0.3577708764	0.9155417528
constitution	11	0.6	0.309838667697	1.21967733539
seize	1	0.2	0.3577708764	0.9155417528
justify	1	0.2	0.3577708764	0.9155417528
institutions	7	1.8	1.5205262247	4.8410524494
relation	4	0.8	0.551361950084	1.90272390017
distributed	1	0.2	0.3577708764	0.9155417528
equity	1	0.2	0.3577708764	0.9155417528
during	9	3.2	1.32664991614	5.85329983228
alteration	1	0.2	0.3577708764	0.9155417528
remove	2	0.4	0.7155417528	1.8310835056
common	2	0.8	0.551361950084	1.90272390017
arm	1	0.2	0.3577708764	0.9155417528
creating	1	0.2	0.3577708764	0.9155417528
prescribe	2	0.2	0.3577708764	0.9155417528
sold	1	0.2	0.3577708764	0.9155417528
attention	11	4.8	2.71293199325	10.2258639865
barely	1	0.2	0.3577708764	0.9155417528
foreign	11	3.8	3.10998392279	10.0199678456
whole	7	1.6	2.00399600798	5.60799201596
majesty	2	0.8	0.551361950084	1.90272390017
manners	1	0.2	0.3577708764	0.9155417528
community	2	0.8	0.1788854382	1.1577708764
complied	1	0.2	0.3577708764	0.9155417528
political	7	1.4	1.63217646105	4.6643529221
whom	6	1.4	0.8049844719	3.0099689438
collected	1	0.2	0.3577708764	0.9155417528
firm	2	0.4	0.37947331922	1.15894663844
latterly	1	0.2	0.3577708764	0.9155417528
citizen	3	1.0	0.894427191	2.788854382
fund	1	0.2	0.3577708764	0.9155417528
determination	1	0.2	0.3577708764	0.9155417528
representative	1	0.2	0.3577708764	0.9155417528
judicial	1	0.2	0.3577708764	0.9155417528
guide	1	0.2	0.3577708764	0.9155417528
impeaching	1	0.2	0.3577708764	0.9155417528
increased	5	1.2	0.885437744847	2.97087548969
unfunded	1	0.2	0.3577708764	0.9155417528
9	1	0.2	0.3577708764	0.9155417528
proved	4	0.4	0.7155417528	1.8310835056
higher	2	0.2	0.3577708764	0.9155417528
000	15	4.4	3.15721396171	10.7144279234
purpose	5	1.6	0.726636084983	3.05327216997
aggregate	1	0.2	0.3577708764	0.9155417528
machinery	2	0.2	0.3577708764	0.9155417528
press	2	0.2	0.3577708764	0.9155417528
questions	4	0.8	1.4310835056	3.6621670112
recommended	3	1.0	0.632455532034	2.26491106407
speedily	1	0.2	0.3577708764	0.9155417528
revenue	8	2.0	2.2803508502	6.5607017004
source	3	0.2	0.3577708764	0.9155417528
subjects	4	1.2	0.521536192416	2.24307238483
demands	4	0.6	0.651152823844	1.90230564769
imposed	1	0.2	0.3577708764	0.9155417528
continue	3	1.2	0.885437744847	2.97087548969
ourselves	2	0.8	0.1788854382	1.1577708764
amicable	2	1.0	0.4472135955	1.894427191
gradually	2	0.2	0.3577708764	0.9155417528
unprovoked	1	0.2	0.3577708764	0.9155417528
refused	1	0.2	0.3577708764	0.9155417528
faith	3	1.2	0.885437744847	2.97087548969
range	1	0.2	0.3577708764	0.9155417528
militia	4	1.6	0.903327183251	3.4066543665
repair	1	0.2	0.3577708764	0.9155417528
services	1	0.2	0.3577708764	0.9155417528
few	2	0.8	0.551361950084	1.90272390017
placing	1	0.2	0.3577708764	0.9155417528
occupy	1	0.2	0.3577708764	0.9155417528
manufacture	2	0.2	0.3577708764	0.9155417528
constitutionally	1	0.2	0.3577708764	0.9155417528
hoped	6	1.8	1.91415777824	5.62831555648
fisheries	1	0.2	0.3577708764	0.9155417528
hopes	2	0.2	0.3577708764	0.9155417528
considerable	2	0.8	0.551361950084	1.90272390017
directed	2	0.8	0.551361950084	1.90272390017
us	15	2.8	2.22710574513	7.25421149026
unexpected	1	0.2	0.3577708764	0.9155417528
constant	2	0.8	0.551361950084	1.90272390017
influence	5	1.2	1.13841995766	3.47683991532
evils	2	0.4	0.37947331922	1.15894663844
application	4	1.0	1.0	3.0
structure	1	0.2	0.3577708764	0.9155417528
required	4	1.6	1.15238882327	3.90477764654
proposition	1	0.2	0.3577708764	0.9155417528
adjustment	3	0.6	0.309838667697	1.21967733539
disposal	1	0.2	0.3577708764	0.9155417528
fatal	2	0.2	0.3577708764	0.9155417528
continues	2	0.6	0.651152823844	1.90230564769
entire	2	0.4	0.37947331922	1.15894663844
anxious	1	0.2	0.3577708764	0.9155417528
enforce	1	0.2	0.3577708764	0.9155417528
pledge	2	0.8	0.551361950084	1.90272390017
expressed	3	0.6	0.651152823844	1.90230564769
capital	2	0.2	0.3577708764	0.9155417528
body	2	0.4	0.37947331922	1.15894663844
respectively	1	0.2	0.3577708764	0.9155417528
commercial	6	3.0	1.48323969742	5.96647939484
highly	3	1.0	0.4472135955	1.894427191
objects	11	2.0	0.0	2.0
engage	1	0.2	0.3577708764	0.9155417528
securing	3	0.2	0.3577708764	0.9155417528
resulting	1	0.2	0.3577708764	0.9155417528
opinion	3	0.8	0.551361950084	1.90272390017
danger	5	0.6	0.309838667697	1.21967733539
forbid	1	0.2	0.3577708764	0.9155417528
apply	1	0.2	0.3577708764	0.9155417528
consumption	1	0.2	0.3577708764	0.9155417528
examination	2	0.6	0.651152823844	1.90230564769
procuring	2	0.2	0.3577708764	0.9155417528
reducing	2	0.2	0.3577708764	0.9155417528
obvious	4	0.2	0.3577708764	0.9155417528
wishes	1	0.2	0.3577708764	0.9155417528
reserved	1	0.2	0.3577708764	0.9155417528
high	5	1.6	1.51789327688	4.63578655376
hesitate	1	0.2	0.3577708764	0.9155417528
arrangement	5	1.6	1.15238882327	3.90477764654
frontiers	1	0.2	0.3577708764	0.9155417528
annexed	1	0.2	0.3577708764	0.9155417528
commodities	1	0.2	0.3577708764	0.9155417528
doubtful	4	0.6	0.309838667697	1.21967733539
chosen	1	0.2	0.3577708764	0.9155417528
ships	4	1.2	0.885437744847	2.97087548969
accredited	1	0.2	0.3577708764	0.9155417528
permanent	5	1.0	0.4472135955	1.894427191
pending	1	0.2	0.3577708764	0.9155417528
sufficiently	1	0.2	0.3577708764	0.9155417528
raised	1	0.2	0.3577708764	0.9155417528
unfortunately	2	0.2	0.3577708764	0.9155417528
constitute	2	0.2	0.3577708764	0.9155417528
our	114	32.4	12.5634390196	57.5268780393
announced	1	0.2	0.3577708764	0.9155417528
promptly	2	0.4	0.7155417528	1.8310835056
deprived	1	0.2	0.3577708764	0.9155417528
could	8	2.0	1.41421356237	4.82842712475
south	3	0.2	0.3577708764	0.9155417528
improvements	5	1.2	0.885437744847	2.97087548969
their	47	19.6	10.6131993291	40.8263986583
interests	8	3.4	1.74355957742	6.88711915483
accompany	2	0.2	0.3577708764	0.9155417528
beg	2	0.4	0.37947331922	1.15894663844
distinguished	2	0.4	0.37947331922	1.15894663844
devotion	2	0.4	0.37947331922	1.15894663844
surrendered	1	0.2	0.3577708764	0.9155417528
clearly	2	0.4	0.7155417528	1.8310835056
concerns	3	0.6	0.651152823844	1.90230564769
promotes	1	0.2	0.3577708764	0.9155417528
unless	2	0.6	0.651152823844	1.90230564769
payment	5	1.4	1.02761860629	3.45523721259
consequences	1	0.2	0.3577708764	0.9155417528
wish	2	0.6	0.309838667697	1.21967733539
neighboring	2	0.2	0.3577708764	0.9155417528
fact	2	0.4	0.37947331922	1.15894663844
supported	1	0.2	0.3577708764	0.9155417528
bring	3	1.0	0.4472135955	1.894427191
fear	1	0.2	0.3577708764	0.9155417528
principal	5	1.2	1.2585706178	3.71714123561
one	15	4.0	2.89827534924	9.79655069848
promote	3	0.8	0.75894663844	2.31789327688
local	3	0.4	0.37947331922	1.15894663844
wrongs	1	0.2	0.3577708764	0.9155417528
denmark	1	0.2	0.3577708764	0.9155417528
imperious	1	0.2	0.3577708764	0.9155417528
we	23	8.6	4.03088079705	16.6617615941
merits	2	0.4	0.37947331922	1.15894663844
tend	1	0.2	0.3577708764	0.9155417528
difficulties	2	0.8	0.551361950084	1.90272390017
ends	2	0.2	0.3577708764	0.9155417528
embarrassment	1	0.2	0.3577708764	0.9155417528
flourishing	2	0.4	0.7155417528	1.8310835056
louisiana	1	0.2	0.3577708764	0.9155417528
define	1	0.2	0.3577708764	0.9155417528
policy	14	2.4	1.74355957742	5.88711915483
fellow	6	1.4	0.489897948557	2.37979589711
arisen	2	0.4	0.37947331922	1.15894663844
happened	1	0.2	0.3577708764	0.9155417528
privileges	2	0.4	0.37947331922	1.15894663844
administration	4	0.8	0.551361950084	1.90272390017
incumbent	1	0.2	0.3577708764	0.9155417528
columbia	1	0.2	0.3577708764	0.9155417528
never	4	1.0	0.894427191	2.788854382
nation	6	2.6	1.2	5.0
off	2	0.2	0.3577708764	0.9155417528
redeemable	2	0.4	0.37947331922	1.15894663844
arising	4	0.8	0.987927122818	2.77585424564
usual	2	0.8	0.551361950084	1.90272390017
less	5	1.6	1.27121988657	4.14243977313
domestic	8	0.8	0.987927122818	2.77585424564
unjust	1	0.2	0.3577708764	0.9155417528
supply	2	0.4	0.37947331922	1.15894663844
add	2	0.6	0.651152823844	1.90230564769
adoption	2	0.4	0.37947331922	1.15894663844
maintaining	2	0.2	0.3577708764	0.9155417528
earnestly	4	1.2	1.30230564769	3.80461129538
warrant	1	0.2	0.3577708764	0.9155417528
ample	2	0.6	0.651152823844	1.90230564769
amendment	2	0.4	0.7155417528	1.8310835056
exceed	3	0.2	0.3577708764	0.9155417528
because	3	0.8	0.987927122818	2.77585424564
recommendation	1	0.2	0.3577708764	0.9155417528
empire	3	0.2	0.3577708764	0.9155417528
employment	1	0.2	0.3577708764	0.9155417528
does	2	0.8	0.551361950084	1.90272390017
ayres	1	0.2	0.3577708764	0.9155417528
worthy	3	0.6	0.651152823844	1.90230564769
gained	1	0.2	0.3577708764	0.9155417528
exhibit	1	0.2	0.3577708764	0.9155417528
extension	2	0.4	0.37947331922	1.15894663844
dependence	2	0.2	0.3577708764	0.9155417528
obstructions	1	0.2	0.3577708764	0.9155417528
owe	1	0.2	0.3577708764	0.9155417528
thence	1	0.2	0.3577708764	0.9155417528
doubtless	2	0.6	0.651152823844	1.90230564769
mississippi	2	0.4	0.37947331922	1.15894663844
support	3	1.0	0.4472135955	1.894427191
north	2	0.6	0.309838667697	1.21967733539
funds	3	0.8	0.551361950084	1.90272390017
delivery	2	0.6	0.651152823844	1.90230564769
wise	3	1.2	0.885437744847	2.97087548969
society	1	0.2	0.3577708764	0.9155417528
dangerous	2	0.2	0.3577708764	0.9155417528
official	2	0.6	0.651152823844	1.90230564769
limit	1	0.2	0.3577708764	0.9155417528
urging	1	0.2	0.3577708764	0.9155417528
universal	1	0.2	0.3577708764	0.9155417528
contribute	2	0.6	0.309838667697	1.21967733539
periods	1	0.2	0.3577708764	0.9155417528
proceeds	2	0.4	0.7155417528	1.8310835056
out	8	3.0	1.3416407865	5.683281573
oppression	1	0.2	0.3577708764	0.9155417528
augmentation	2	0.4	0.37947331922	1.15894663844
jackson	2	0.4	0.7155417528	1.8310835056
friends	2	0.4	0.37947331922	1.15894663844
rule	3	0.2	0.3577708764	0.9155417528
portion	7	1.4	0.8049844719	3.0099689438
