aided	1	0.2	0.3577708764	0.9155417528
limited	6	2.2	1.67092788594	5.54185577187
comparatively	2	0.2	0.3577708764	0.9155417528
desirable	4	1.0	1.0	3.0
consists	1	0.2	0.3577708764	0.9155417528
integrity	1	0.2	0.3577708764	0.9155417528
granting	1	0.2	0.3577708764	0.9155417528
seriously	2	0.2	0.3577708764	0.9155417528
presents	3	0.6	0.651152823844	1.90230564769
nominal	1	0.2	0.3577708764	0.9155417528
whatsoever	2	0.2	0.3577708764	0.9155417528
rise	1	0.2	0.3577708764	0.9155417528
compacts	1	0.2	0.3577708764	0.9155417528
bringing	2	0.2	0.3577708764	0.9155417528
four	4	0.2	0.3577708764	0.9155417528
recollections	1	0.2	0.3577708764	0.9155417528
enjoy	3	0.4	0.7155417528	1.8310835056
charter	5	0.2	0.3577708764	0.9155417528
29th	1	0.2	0.3577708764	0.9155417528
consistent	4	0.6	0.651152823844	1.90230564769
estimates	4	0.4	0.37947331922	1.15894663844
direct	2	0.8	0.551361950084	1.90272390017
likely	3	0.4	0.37947331922	1.15894663844
even	6	2.4	1.35646599663	5.11293199325
desirous	2	0.4	0.37947331922	1.15894663844
selected	2	0.2	0.3577708764	0.9155417528
above	5	0.8	0.551361950084	1.90272390017
new	20	4.4	2.49799919936	9.39599839872
net	2	1.0	0.0	1.0
increasing	2	0.8	0.1788854382	1.1577708764
here	2	1.0	0.4472135955	1.894427191
pursuit	1	0.2	0.3577708764	0.9155417528
active	2	1.0	0.0	1.0
103	1	0.2	0.3577708764	0.9155417528
leaves	1	0.2	0.3577708764	0.9155417528
envoy	1	0.2	0.3577708764	0.9155417528
controversy	1	0.2	0.3577708764	0.9155417528
credit	3	0.4	0.37947331922	1.15894663844
exacting	1	0.2	0.3577708764	0.9155417528
adopting	2	0.2	0.3577708764	0.9155417528
settled	4	1.0	1.0	3.0
feelings	4	1.0	0.894427191	2.788854382
brought	5	1.2	0.521536192416	2.24307238483
stand	1	0.2	0.3577708764	0.9155417528
would	40	10.2	5.03587132481	20.2717426496
army	9	1.2	0.885437744847	2.97087548969
indians	7	2.4	1.75727061092	5.91454122184
therefore	6	2.4	0.829457654133	4.05891530827
indiana	1	0.2	0.3577708764	0.9155417528
modification	2	0.2	0.3577708764	0.9155417528
successful	2	0.6	0.309838667697	1.21967733539
aware	2	0.2	0.3577708764	0.9155417528
loss	1	0.2	0.3577708764	0.9155417528
continual	1	0.2	0.3577708764	0.9155417528
circumstances	10	2.0	1.26491106407	4.52982212813
me	8	3.0	1.8973665961	6.7947331922
interposition	2	0.8	0.551361950084	1.90272390017
accomplishment	4	0.8	0.551361950084	1.90272390017
ere	1	0.2	0.3577708764	0.9155417528
my	21	8.2	5.77581163128	19.7516232626
indicated	1	0.2	0.3577708764	0.9155417528
give	9	1.6	0.963327566303	3.52665513261
advancing	1	0.2	0.3577708764	0.9155417528
end	3	1.4	0.49799598392	2.39599196784
feature	1	0.2	0.3577708764	0.9155417528
how	4	0.6	0.309838667697	1.21967733539
answer	5	0.2	0.3577708764	0.9155417528
ordinary	1	0.2	0.3577708764	0.9155417528
description	4	0.2	0.3577708764	0.9155417528
after	9	2.4	2.5953805116	7.5907610232
demanding	1	0.2	0.3577708764	0.9155417528
president	3	1.0	0.632455532034	2.26491106407
law	14	5.8	3.86781592116	13.5356318423
think	2	0.4	0.37947331922	1.15894663844
restriction	1	0.2	0.3577708764	0.9155417528
executed	4	0.4	0.37947331922	1.15894663844
office	5	1.8	1.22963409192	4.25926818383
satisfied	4	0.8	0.987927122818	2.77585424564
fidelity	2	0.6	0.651152823844	1.90230564769
before	7	2.6	1.35646599663	5.31293199325
fit	1	0.2	0.3577708764	0.9155417528
personal	5	0.8	0.1788854382	1.1577708764
anticipations	1	0.2	0.3577708764	0.9155417528
vast	4	0.6	1.0733126292	2.7466252584
confidently	3	0.2	0.3577708764	0.9155417528
then	6	1.6	1.27121988657	4.14243977313
affected	1	0.2	0.3577708764	0.9155417528
safe	7	0.8	0.75894663844	2.31789327688
effects	3	0.6	0.651152823844	1.90230564769
they	43	15.8	10.4957134107	36.7914268214
hitherto	5	1.0	0.894427191	2.788854382
bank	12	1.6	1.27121988657	4.14243977313
remaining	2	0.2	0.3577708764	0.9155417528
indeed	2	0.4	0.7155417528	1.8310835056
reasonable	4	1.2	0.885437744847	2.97087548969
councils	1	0.2	0.3577708764	0.9155417528
taught	1	0.2	0.3577708764	0.9155417528
navy	5	2.0	1.09544511501	4.19089023002
merchants	1	0.2	0.3577708764	0.9155417528
extinguishment	1	0.2	0.3577708764	0.9155417528
vessels	8	2.6	2.24499443206	7.08998886413
little	7	1.4	1.02761860629	3.45523721259
free	5	1.6	1.10272390017	3.80544780033
small	3	1.4	0.49799598392	2.39599196784
encountering	1	0.2	0.3577708764	0.9155417528
hand	2	0.4	0.37947331922	1.15894663844
ordnance	3	0.4	0.37947331922	1.15894663844
renew	1	0.2	0.3577708764	0.9155417528
speedy	4	0.6	0.651152823844	1.90230564769
abolish	1	0.2	0.3577708764	0.9155417528
render	2	0.8	0.1788854382	1.1577708764
relations	9	3.6	2.57681974535	8.75363949069
channels	1	0.2	0.3577708764	0.9155417528
another	4	0.4	0.37947331922	1.15894663844
175	1	0.2	0.3577708764	0.9155417528
inconvenient	1	0.2	0.3577708764	0.9155417528
wisdom	3	1.2	0.619677335393	2.43935467079
distance	2	0.4	0.37947331922	1.15894663844
manner	6	1.6	1.15238882327	3.90477764654
seem	6	1.2	0.885437744847	2.97087548969
regulate	2	0.4	0.37947331922	1.15894663844
affairs	13	1.4	0.489897948557	2.37979589711
convenient	1	0.2	0.3577708764	0.9155417528
latter	2	1.0	0.4472135955	1.894427191
causing	1	0.2	0.3577708764	0.9155417528
extending	1	0.2	0.3577708764	0.9155417528
involving	1	0.2	0.3577708764	0.9155417528
retaining	1	0.2	0.3577708764	0.9155417528
the	1108	489.2	247.32278504	983.84557008
special	8	0.4	0.37947331922	1.15894663844
alarm	1	0.2	0.3577708764	0.9155417528
solemn	1	0.2	0.3577708764	0.9155417528
points	2	0.4	0.37947331922	1.15894663844
ending	1	0.2	0.3577708764	0.9155417528
treaties	5	1.0	1.3416407865	3.683281573
enjoyed	1	0.2	0.3577708764	0.9155417528
discretionary	2	0.2	0.3577708764	0.9155417528
adequate	5	1.0	0.894427191	2.788854382
predecessor	7	0.2	0.3577708764	0.9155417528
hostility	2	0.2	0.3577708764	0.9155417528
coast	4	0.8	0.987927122818	2.77585424564
report	12	5.0	3.19374388453	11.3874877691
voluntary	1	0.2	0.3577708764	0.9155417528
countries	6	2.4	1.37404512299	5.14809024597
public	56	14.8	9.68297474953	34.1659494991
bad	1	0.2	0.3577708764	0.9155417528
adherence	2	0.2	0.3577708764	0.9155417528
secretary	12	4.0	2.44948974278	8.89897948557
expediency	5	0.4	0.37947331922	1.15894663844
observed	2	0.2	0.3577708764	0.9155417528
result	8	2.2	0.889943818451	3.9798876369
subject	26	7.8	5.03587132481	17.8717426496
solicitude	2	0.6	0.309838667697	1.21967733539
injuries	3	0.4	0.7155417528	1.8310835056
terms	3	0.4	0.37947331922	1.15894663844
nature	2	1.0	0.4472135955	1.894427191
otherwise	4	1.0	1.3416407865	3.683281573
380	1	0.2	0.3577708764	0.9155417528
received	13	2.4	0.829457654133	4.05891530827
country	21	8.6	5.98665181884	20.5733036377
negative	1	0.2	0.3577708764	0.9155417528
vexed	1	0.2	0.3577708764	0.9155417528
trust	4	0.8	0.987927122818	2.77585424564
gratitude	1	0.2	0.3577708764	0.9155417528
recur	1	0.2	0.3577708764	0.9155417528
unequaled	1	0.2	0.3577708764	0.9155417528
been	88	30.2	15.4324333791	61.0648667582
confident	3	0.4	0.37947331922	1.15894663844
much	12	3.6	2.5392912397	8.67858247939
interest	13	4.4	2.57681974535	9.55363949069
life	1	0.2	0.3577708764	0.9155417528
moneys	4	0.6	0.651152823844	1.90230564769
chili	2	0.2	0.3577708764	0.9155417528
has	69	28.4	18.3368481479	65.0736962958
aid	2	0.2	0.3577708764	0.9155417528
mexico	3	0.4	0.7155417528	1.8310835056
in	226	104.8	55.0250851885	214.850170377
trusted	1	0.2	0.3577708764	0.9155417528
assurances	3	0.4	0.37947331922	1.15894663844
make	12	3.2	2.12414688758	7.44829377515
unfortunate	1	0.2	0.3577708764	0.9155417528
european	1	0.2	0.3577708764	0.9155417528
independent	4	1.8	0.92951600309	3.65903200618
kept	2	0.2	0.3577708764	0.9155417528
embarrassments	3	1.0	0.632455532034	2.26491106407
liberal	8	1.8	2.3799159649	6.55983192981
left	3	0.6	0.309838667697	1.21967733539
opinions	4	1.0	0.894427191	2.788854382
farther	1	0.2	0.3577708764	0.9155417528
october	3	0.2	0.3577708764	0.9155417528
previous	3	1.4	0.489897948557	2.37979589711
classification	2	0.2	0.3577708764	0.9155417528
misapplication	1	0.2	0.3577708764	0.9155417528
pecuniary	3	0.6	0.309838667697	1.21967733539
evidences	2	0.2	0.3577708764	0.9155417528
east	2	0.4	0.37947331922	1.15894663844
desire	10	1.8	1.91415777824	5.62831555648
offices	4	0.6	0.651152823844	1.90230564769
officer	1	0.2	0.3577708764	0.9155417528
beneficial	6	0.8	0.987927122818	2.77585424564
performing	1	0.2	0.3577708764	0.9155417528
rapidity	1	0.2	0.3577708764	0.9155417528
for	109	48.0	22.803508502	93.607017004
asking	1	0.2	0.3577708764	0.9155417528
exposition	2	0.2	0.3577708764	0.9155417528
denied	1	0.2	0.3577708764	0.9155417528
steps	3	0.2	0.3577708764	0.9155417528
participation	1	0.2	0.3577708764	0.9155417528
revived	1	0.2	0.3577708764	0.9155417528
substitution	1	0.2	0.3577708764	0.9155417528
post	2	0.8	0.551361950084	1.90272390017
efforts	3	0.2	0.3577708764	0.9155417528
considerations	4	1.4	1.20664825032	3.81329650064
civil	5	1.2	0.885437744847	2.97087548969
often	4	1.2	0.885437744847	2.97087548969
attainments	1	0.2	0.3577708764	0.9155417528
accordingly	2	0.2	0.3577708764	0.9155417528
was	34	14.8	7.33212111193	29.4642422239
form	2	1.0	0.4472135955	1.894427191
forming	1	0.2	0.3577708764	0.9155417528
sustained	1	0.2	0.3577708764	0.9155417528
true	6	1.6	1.27121988657	4.14243977313
continuance	2	0.6	0.309838667697	1.21967733539
portions	8	0.8	0.551361950084	1.90272390017
discountenance	1	0.2	0.3577708764	0.9155417528
evidence	2	0.8	0.1788854382	1.1577708764
generally	3	0.8	0.987927122818	2.77585424564
interested	2	0.4	0.7155417528	1.8310835056
papers	3	0.4	0.7155417528	1.8310835056
preceding	1	0.2	0.3577708764	0.9155417528
bestowed	1	0.2	0.3577708764	0.9155417528
proposed	7	1.8	1.43666279969	4.67332559937
time	29	6.0	3.74165738677	13.4833147735
quantity	2	0.2	0.3577708764	0.9155417528
corps	3	0.8	0.987927122818	2.77585424564
relieve	1	0.2	0.3577708764	0.9155417528
grateful	1	0.2	0.3577708764	0.9155417528
happily	3	0.8	0.1788854382	1.1577708764
involved	1	0.2	0.3577708764	0.9155417528
devoted	1	0.2	0.3577708764	0.9155417528
governments	8	3.0	1.61245154966	6.22490309932
did	2	0.8	0.551361950084	1.90272390017
posts	2	0.4	0.37947331922	1.15894663844
ascertaining	3	0.2	0.3577708764	0.9155417528
settle	2	0.4	0.37947331922	1.15894663844
accumulation	2	0.2	0.3577708764	0.9155417528
prevent	9	0.4	0.37947331922	1.15894663844
purchasers	2	0.2	0.3577708764	0.9155417528
uniform	5	0.4	0.37947331922	1.15894663844
current	2	0.8	0.551361950084	1.90272390017
understanding	2	0.2	0.3577708764	0.9155417528
appears	7	1.2	0.885437744847	2.97087548969
change	2	0.8	0.551361950084	1.90272390017
title	1	0.2	0.3577708764	0.9155417528
accomplished	4	0.8	0.1788854382	1.1577708764
important	16	3.4	1.8547236991	7.1094473982
1st	5	1.0	1.0	3.0
prompt	2	0.8	0.551361950084	1.90272390017
market	3	0.8	0.551361950084	1.90272390017
territories	4	0.6	0.309838667697	1.21967733539
cherished	1	0.2	0.3577708764	0.9155417528
peru	3	0.6	0.651152823844	1.90230564769
obstacle	1	0.2	0.3577708764	0.9155417528
commissioner	2	0.2	0.3577708764	0.9155417528
afford	5	1.2	0.521536192416	2.24307238483
apparent	1	0.2	0.3577708764	0.9155417528
whatever	4	1.6	0.903327183251	3.4066543665
rendered	3	0.6	0.651152823844	1.90230564769
cases	7	1.6	1.10272390017	3.80544780033
harmonious	1	0.2	0.3577708764	0.9155417528
believed	5	1.0	1.0	3.0
allowed	2	0.4	0.37947331922	1.15894663844
1	4	1.6	0.489897948557	2.57979589711
steadily	2	0.2	0.3577708764	0.9155417528
such	31	13.6	7.78716893357	29.1743378671
remember	1	0.2	0.3577708764	0.9155417528
so	41	11.0	6.57267069006	24.1453413801
deposit	4	0.6	1.0733126292	2.7466252584
constituents	2	0.4	0.7155417528	1.8310835056
years	12	1.8	1.22963409192	4.25926818383
unfavorable	1	0.2	0.3577708764	0.9155417528
still	6	2.6	1.29923054151	5.19846108303
1830	1	0.2	0.3577708764	0.9155417528
1837	4	0.4	0.7155417528	1.8310835056
inflicted	1	0.2	0.3577708764	0.9155417528
mail	3	0.6	0.651152823844	1.90230564769
not	67	29.2	16.2283702201	61.6567404402
thus	9	3.2	1.81989010657	6.83978021314
name	2	0.2	0.3577708764	0.9155417528
legislation	9	1.2	2.1466252584	5.4932505168
importation	1	0.2	0.3577708764	0.9155417528
receipt	1	0.2	0.3577708764	0.9155417528
distressing	1	0.2	0.3577708764	0.9155417528
year	14	5.4	2.65329983228	10.7065996646
avoided	1	0.2	0.3577708764	0.9155417528
concur	2	0.4	0.37947331922	1.15894663844
correct	3	0.6	0.309838667697	1.21967733539
assurance	1	0.2	0.3577708764	0.9155417528
attended	1	0.2	0.3577708764	0.9155417528
mercantile	1	0.2	0.3577708764	0.9155417528
rely	2	0.6	0.651152823844	1.90230564769
dependencies	1	0.2	0.3577708764	0.9155417528
advantages	4	1.2	0.885437744847	2.97087548969
obligation	4	0.4	0.37947331922	1.15894663844
accommodation	1	0.2	0.3577708764	0.9155417528
disguised	1	0.2	0.3577708764	0.9155417528
routes	2	0.2	0.3577708764	0.9155417528
627	1	0.2	0.3577708764	0.9155417528
clause	1	0.2	0.3577708764	0.9155417528
one	24	5.4	5.23832034148	15.876640683
directly	2	0.4	0.7155417528	1.8310835056
corporations	3	0.4	0.37947331922	1.15894663844
open	4	0.6	0.309838667697	1.21967733539
discharged	1	0.2	0.3577708764	0.9155417528
district	3	1.0	0.894427191	2.788854382
indicate	1	0.2	0.3577708764	0.9155417528
that	150	66.4	40.961445287	148.322890574
taxation	2	0.2	0.3577708764	0.9155417528
undertaken	1	0.2	0.3577708764	0.9155417528
undoubtedly	2	0.2	0.3577708764	0.9155417528
population	4	0.6	1.0733126292	2.7466252584
future	14	2.4	1.97180120702	6.34360241404
usefulness	1	0.2	0.3577708764	0.9155417528
and	370	150.6	80.2336587724	311.067317545
suggestions	4	0.6	0.651152823844	1.90230564769
mountains	1	0.2	0.3577708764	0.9155417528
measure	12	1.2	1.70176379089	4.60352758179
say	2	0.4	0.7155417528	1.8310835056
occupied	4	0.2	0.3577708764	0.9155417528
rages	1	0.2	0.3577708764	0.9155417528
price	15	1.0	1.3416407865	3.683281573
complaints	2	0.6	0.309838667697	1.21967733539
forever	1	0.2	0.3577708764	0.9155417528
especially	1	0.2	0.3577708764	0.9155417528
considered	6	0.8	0.987927122818	2.77585424564
sale	4	0.8	0.551361950084	1.90272390017
laws	13	3.6	2.01196421439	7.62392842879
regulated	2	0.4	0.37947331922	1.15894663844
show	2	0.4	0.7155417528	1.8310835056
tonnage	2	0.4	0.37947331922	1.15894663844
rounded	1	0.2	0.3577708764	0.9155417528
maine	1	0.2	0.3577708764	0.9155417528
pacific	2	0.4	0.37947331922	1.15894663844
ground	3	0.6	0.309838667697	1.21967733539
surrender	1	0.2	0.3577708764	0.9155417528
genius	1	0.2	0.3577708764	0.9155417528
only	19	5.4	5.51434492936	16.4286898587
dispute	2	0.2	0.3577708764	0.9155417528
cannon	1	0.2	0.3577708764	0.9155417528
expectation	1	0.2	0.3577708764	0.9155417528
nearly	1	0.2	0.3577708764	0.9155417528
well	15	5.6	3.26190128606	12.1238025721
bearings	2	0.2	0.3577708764	0.9155417528
1820	1	0.2	0.3577708764	0.9155417528
yield	1	0.2	0.3577708764	0.9155417528
effectual	2	0.4	0.37947331922	1.15894663844
miles	5	0.2	0.3577708764	0.9155417528
through	6	2.2	1.41138230115	5.0227646023
where	3	1.6	0.489897948557	2.57979589711
imposing	1	0.2	0.3577708764	0.9155417528
federal	7	0.4	0.37947331922	1.15894663844
affecting	1	0.2	0.3577708764	0.9155417528
notice	5	0.6	0.651152823844	1.90230564769
come	2	0.4	0.37947331922	1.15894663844
many	13	3.4	1.98191826269	7.36383652539
according	5	1.4	0.8049844719	3.0099689438
enabling	1	0.2	0.3577708764	0.9155417528
expended	1	0.2	0.3577708764	0.9155417528
expression	2	0.4	0.37947331922	1.15894663844
period	11	1.6	1.2	4.0
better	2	0.4	0.37947331922	1.15894663844
west	6	1.8	1.43666279969	4.67332559937
concede	1	0.2	0.3577708764	0.9155417528
deposited	2	0.2	0.3577708764	0.9155417528
dangers	1	0.2	0.3577708764	0.9155417528
borders	1	0.2	0.3577708764	0.9155417528
wants	3	0.6	0.651152823844	1.90230564769
enable	6	0.6	0.309838667697	1.21967733539
offered	2	0.2	0.3577708764	0.9155417528
careful	5	0.4	0.7155417528	1.8310835056
diffuse	1	0.2	0.3577708764	0.9155417528
those	31	13.8	5.84465567848	25.489311357
overcome	2	0.2	0.3577708764	0.9155417528
transactions	2	0.6	0.651152823844	1.90230564769
sincere	4	0.6	0.309838667697	1.21967733539
them	42	14.6	6.6211781429	27.8423562858
quiet	3	0.2	0.3577708764	0.9155417528
property	4	1.6	1.15238882327	3.90477764654
s	1	0.2	0.3577708764	0.9155417528
same	14	4.4	3.40117626712	11.2023525342
injurious	2	0.6	0.651152823844	1.90230564769
persons	7	0.4	0.7155417528	1.8310835056
complained	1	0.2	0.3577708764	0.9155417528
amounts	1	0.2	0.3577708764	0.9155417528
severe	2	0.2	0.3577708764	0.9155417528
without	21	6.8	5.77581163128	18.3516232626
aspect	1	0.2	0.3577708764	0.9155417528
yielding	2	0.2	0.3577708764	0.9155417528
postmaster	2	0.2	0.3577708764	0.9155417528
york	2	0.6	0.309838667697	1.21967733539
except	3	0.8	0.987927122818	2.77585424564
extensive	4	1.2	0.521536192416	2.24307238483
early	7	1.4	0.8	3.0
insist	1	0.2	0.3577708764	0.9155417528
confined	1	0.2	0.3577708764	0.9155417528
tend	2	0.4	0.37947331922	1.15894663844
benefit	8	0.6	0.651152823844	1.90230564769
revision	1	0.2	0.3577708764	0.9155417528
satisfactory	12	1.8	1.97787765041	5.75575530082
exposed	2	0.6	0.309838667697	1.21967733539
competition	2	0.6	0.309838667697	1.21967733539
calculated	3	0.8	0.987927122818	2.77585424564
pursuance	1	0.2	0.3577708764	0.9155417528
respect	9	2.0	0.894427191	3.788854382
reasons	3	0.4	0.7155417528	1.8310835056
footing	3	0.4	0.37947331922	1.15894663844
extensively	2	0.2	0.3577708764	0.9155417528
moderate	2	0.4	0.7155417528	1.8310835056
business	4	1.0	0.894427191	2.788854382
sixth	1	0.2	0.3577708764	0.9155417528
whose	4	1.0	0.0	1.0
reprisals	1	0.2	0.3577708764	0.9155417528
industry	4	1.2	0.885437744847	2.97087548969
practical	2	0.8	0.551361950084	1.90272390017
mutually	1	0.2	0.3577708764	0.9155417528
must	10	3.2	2.4	8.0
greatly	3	0.4	0.7155417528	1.8310835056
referred	5	0.8	0.551361950084	1.90272390017
or	38	14.0	10.0995049384	34.1990098767
lands	42	2.6	4.2642701603	11.1285403206
interruption	1	0.2	0.3577708764	0.9155417528
defraying	2	0.2	0.3577708764	0.9155417528
determine	2	0.4	0.37947331922	1.15894663844
disposed	4	0.6	0.651152823844	1.90230564769
brazilian	1	0.2	0.3577708764	0.9155417528
delayed	2	0.2	0.3577708764	0.9155417528
judged	1	0.2	0.3577708764	0.9155417528
with	119	45.4	16.28004914	77.9600982799
longer	4	0.8	1.4310835056	3.6621670112
abuses	2	0.4	0.37947331922	1.15894663844
money	8	1.6	1.55434873822	4.70869747644
am	9	1.6	1.27121988657	4.14243977313
at	57	22.4	17.1184111412	56.6368222824
again	4	1.2	0.885437744847	2.97087548969
event	2	0.2	0.3577708764	0.9155417528
sufficient	3	0.8	0.75894663844	2.31789327688
formed	5	1.4	1.20664825032	3.81329650064
congress	29	13.6	5.08330601086	23.7666120217
remonstrance	1	0.2	0.3577708764	0.9155417528
massachusetts	1	0.2	0.3577708764	0.9155417528
equitable	2	0.2	0.3577708764	0.9155417528
prudent	1	0.2	0.3577708764	0.9155417528
building	1	0.2	0.3577708764	0.9155417528
passed	3	1.0	0.4472135955	1.894427191
mass	3	0.4	0.37947331922	1.15894663844
embracing	2	0.2	0.3577708764	0.9155417528
original	3	0.6	0.651152823844	1.90230564769
minister	5	1.8	1.1242775458	4.04855509161
caused	1	0.2	0.3577708764	0.9155417528
month	2	0.2	0.3577708764	0.9155417528
ceased	1	0.2	0.3577708764	0.9155417528
welfare	4	0.8	0.551361950084	1.90272390017
settlement	8	1.8	1.22963409192	4.25926818383
number	7	0.6	0.309838667697	1.21967733539
chain	1	0.2	0.3577708764	0.9155417528
provisions	9	2.2	0.889943818451	3.9798876369
former	3	0.8	0.1788854382	1.1577708764
to	426	197.0	111.808765309	420.617530619
present	20	6.6	5.85149553533	18.3029910707
health	1	0.2	0.3577708764	0.9155417528
enjoying	1	0.2	0.3577708764	0.9155417528
induce	2	0.2	0.3577708764	0.9155417528
condition	12	3.4	2.93938769134	9.27877538268
squadrons	1	0.2	0.3577708764	0.9155417528
accompanying	4	0.6	0.651152823844	1.90230564769
large	14	2.4	2.25565954878	6.91131909756
these	24	9.0	5.0199601592	19.0399203184
past	7	0.4	0.37947331922	1.15894663844
rate	1	0.2	0.3577708764	0.9155417528
titles	1	0.2	0.3577708764	0.9155417528
pass	1	0.2	0.3577708764	0.9155417528
what	14	3.2	2.4	8.0
advantageous	3	0.2	0.3577708764	0.9155417528
deeply	2	0.8	0.551361950084	1.90272390017
full	5	2.4	1.21983605456	4.83967210912
naval	6	0.6	0.651152823844	1.90230564769
conviction	4	1.0	1.3416407865	3.683281573
difficulty	4	0.4	0.7155417528	1.8310835056
authorize	1	0.2	0.3577708764	0.9155417528
family	1	0.2	0.3577708764	0.9155417528
apprised	1	0.2	0.3577708764	0.9155417528
uniformity	1	0.2	0.3577708764	0.9155417528
contains	1	0.2	0.3577708764	0.9155417528
two	14	2.4	2.66232980677	7.72465961353
almost	2	0.4	0.37947331922	1.15894663844
cultivation	2	0.2	0.3577708764	0.9155417528
archives	1	0.2	0.3577708764	0.9155417528
6	2	0.6	0.651152823844	1.90230564769
promoting	1	0.2	0.3577708764	0.9155417528
injury	2	0.8	0.551361950084	1.90272390017
more	34	10.0	5.0199601592	20.0399203184
excuse	1	0.2	0.3577708764	0.9155417528
particular	3	1.2	0.819756061277	2.83951212255
producing	2	0.4	0.7155417528	1.8310835056
keeping	5	0.2	0.3577708764	0.9155417528
remain	5	1.0	0.894427191	2.788854382
sent	2	0.2	0.3577708764	0.9155417528
history	3	1.0	0.632455532034	2.26491106407
states	60	27.6	10.4038454429	48.4076908858
cultivate	3	0.6	0.651152823844	1.90230564769
acts	4	0.8	0.551361950084	1.90272390017
derived	2	0.6	0.309838667697	1.21967733539
a	194	78.8	33.4089808285	145.617961657
liability	1	0.2	0.3577708764	0.9155417528
chiefly	1	0.2	0.3577708764	0.9155417528
banks	10	1.0	1.788854382	4.577708764
held	3	0.2	0.3577708764	0.9155417528
already	5	1.8	1.22963409192	4.25926818383
features	1	0.2	0.3577708764	0.9155417528
25	1	0.2	0.3577708764	0.9155417528
possessions	1	0.2	0.3577708764	0.9155417528
border	1	0.2	0.3577708764	0.9155417528
succeeded	1	0.2	0.3577708764	0.9155417528
actually	1	0.2	0.3577708764	0.9155417528
individuals	7	0.6	0.651152823844	1.90230564769
good	10	2.8	2.14289523776	7.08579047551
obeyed	1	0.2	0.3577708764	0.9155417528
thereof	1	0.2	0.3577708764	0.9155417528
hereafter	4	0.6	0.651152823844	1.90230564769
sympathy	1	0.2	0.3577708764	0.9155417528
always	6	1.4	1.36528385327	4.13056770654
porte	1	0.2	0.3577708764	0.9155417528
found	9	3.2	2.4819347292	8.1638694584
characterized	1	0.2	0.3577708764	0.9155417528
since	11	3.0	2.19089023002	7.38178046004
induced	2	0.6	0.309838667697	1.21967733539
wisest	1	0.2	0.3577708764	0.9155417528
reason	8	1.6	0.726636084983	3.05327216997
disposition	13	1.8	1.5205262247	4.8410524494
put	4	0.2	0.3577708764	0.9155417528
attendant	1	0.2	0.3577708764	0.9155417528
benefits	2	0.2	0.3577708764	0.9155417528
service	14	3.0	1.8973665961	6.7947331922
conducted	3	0.4	0.37947331922	1.15894663844
prejudice	2	0.2	0.3577708764	0.9155417528
expedient	2	1.0	0.4472135955	1.894427191
consequence	2	0.4	0.37947331922	1.15894663844
preservation	4	1.2	1.2585706178	3.71714123561
instances	3	0.6	0.309838667697	1.21967733539
general	25	7.0	8.14861951499	23.29723903
colombia	2	0.2	0.3577708764	0.9155417528
regret	5	1.2	0.885437744847	2.97087548969
differ	1	0.2	0.3577708764	0.9155417528
introduction	1	0.2	0.3577708764	0.9155417528
leading	2	0.2	0.3577708764	0.9155417528
ecuador	1	0.2	0.3577708764	0.9155417528
scarcely	2	0.6	0.309838667697	1.21967733539
immediate	4	0.4	0.37947331922	1.15894663844
part	15	5.2	3.78840335762	12.7768067152
convinced	1	0.2	0.3577708764	0.9155417528
reflection	2	0.4	0.37947331922	1.15894663844
kind	1	0.2	0.3577708764	0.9155417528
anticipate	2	0.2	0.3577708764	0.9155417528
contrary	3	0.6	0.309838667697	1.21967733539
supposed	3	0.6	0.651152823844	1.90230564769
strengthen	1	0.2	0.3577708764	0.9155417528
officers	11	1.8	0.979795897113	3.75959179423
inconvenience	1	0.2	0.3577708764	0.9155417528
most	31	6.6	3.67804295788	13.9560859158
plan	8	2.2	2.75535841589	7.71071683177
strongest	1	0.2	0.3577708764	0.9155417528
70	1	0.2	0.3577708764	0.9155417528
approved	1	0.2	0.3577708764	0.9155417528
cover	1	0.2	0.3577708764	0.9155417528
carefully	1	0.2	0.3577708764	0.9155417528
find	3	1.2	0.885437744847	2.97087548969
virtue	1	0.2	0.3577708764	0.9155417528
indian	4	1.4	0.489897948557	2.37979589711
dependent	3	0.4	0.37947331922	1.15894663844
remedy	1	0.2	0.3577708764	0.9155417528
remove	2	0.4	0.7155417528	1.8310835056
banking	3	0.4	0.7155417528	1.8310835056
activity	1	0.2	0.3577708764	0.9155417528
set	1	0.2	0.3577708764	0.9155417528
see	3	0.8	0.551361950084	1.90272390017
defense	5	2.4	1.01980390272	4.43960780544
matter	3	0.4	0.37947331922	1.15894663844
various	5	0.8	0.987927122818	2.77585424564
use	7	1.4	1.36528385327	4.13056770654
candor	2	0.2	0.3577708764	0.9155417528
recently	5	0.2	0.3577708764	0.9155417528
sold	6	0.4	0.37947331922	1.15894663844
legislature	3	1.6	0.3577708764	2.3155417528
both	10	3.6	1.49666295471	6.59332590942
improved	1	0.2	0.3577708764	0.9155417528
appropriations	3	1.4	0.489897948557	2.37979589711
connection	9	0.6	0.309838667697	1.21967733539
whole	8	2.8	2.49479458072	7.78958916144
community	2	1.0	0.4472135955	1.894427191
reduction	3	0.8	0.987927122818	2.77585424564
withhold	1	0.2	0.3577708764	0.9155417528
fund	1	0.2	0.3577708764	0.9155417528
moderation	2	0.6	0.309838667697	1.21967733539
determination	1	0.2	0.3577708764	0.9155417528
demand	8	0.6	0.309838667697	1.21967733539
prices	12	0.2	0.3577708764	0.9155417528
presented	6	1.8	1.05451410612	3.90902821223
look	4	1.0	0.894427191	2.788854382
elections	3	0.6	0.651152823844	1.90230564769
engineers	1	0.2	0.3577708764	0.9155417528
larger	3	0.2	0.3577708764	0.9155417528
portugal	4	0.6	0.651152823844	1.90230564769
century	1	0.2	0.3577708764	0.9155417528
survey	2	0.2	0.3577708764	0.9155417528
advise	1	0.2	0.3577708764	0.9155417528
conflict	1	0.2	0.3577708764	0.9155417528
exigencies	1	0.2	0.3577708764	0.9155417528
purpose	8	2.0	1.41421356237	4.82842712475
necessity	7	2.2	2.27859605898	6.75719211796
recent	2	0.6	0.309838667697	1.21967733539
navigation	4	1.4	0.8049844719	3.0099689438
person	1	0.2	0.3577708764	0.9155417528
machinery	2	0.4	0.7155417528	1.8310835056
entry	1	0.2	0.3577708764	0.9155417528
abstain	1	0.2	0.3577708764	0.9155417528
settlements	3	0.4	0.7155417528	1.8310835056
questions	4	0.8	1.4310835056	3.6621670112
useful	2	0.8	0.551361950084	1.90272390017
admission	2	0.4	0.37947331922	1.15894663844
recommended	6	1.2	0.885437744847	2.97087548969
subjects	9	1.6	1.15238882327	3.90477764654
complaint	2	0.4	0.37947331922	1.15894663844
march	2	0.8	0.551361950084	1.90272390017
forces	1	0.2	0.3577708764	0.9155417528
showing	1	0.2	0.3577708764	0.9155417528
formal	1	0.2	0.3577708764	0.9155417528
modifications	3	0.2	0.3577708764	0.9155417528
imposed	2	0.4	0.37947331922	1.15894663844
commanders	1	0.2	0.3577708764	0.9155417528
austria	2	0.2	0.3577708764	0.9155417528
communications	2	0.4	0.37947331922	1.15894663844
continue	4	1.2	0.885437744847	2.97087548969
tribes	7	1.6	0.8	3.2
creation	2	0.2	0.3577708764	0.9155417528
understood	2	0.4	0.37947331922	1.15894663844
amicable	2	1.0	0.4472135955	1.894427191
gradually	3	0.6	0.651152823844	1.90230564769
civilization	1	0.2	0.3577708764	0.9155417528
be	163	70.6	31.3087847097	133.217569419
measures	6	2.4	1.35646599663	5.11293199325
reach	1	0.2	0.3577708764	0.9155417528
peculiarly	1	0.2	0.3577708764	0.9155417528
step	1	0.2	0.3577708764	0.9155417528
become	5	1.6	1.58996855315	4.7799371063
by	101	48.4	20.8096131632	90.0192263263
regular	4	1.6	0.963327566303	3.52665513261
within	10	5.4	1.8547236991	9.1094473982
invading	1	0.2	0.3577708764	0.9155417528
services	1	0.2	0.3577708764	0.9155417528
extraordinary	2	0.2	0.3577708764	0.9155417528
steamboats	1	0.2	0.3577708764	0.9155417528
few	10	0.8	0.551361950084	1.90272390017
question	9	3.4	2.24499443206	7.88998886413
long	14	2.8	1.6099689438	6.0199378876
occupy	3	0.4	0.37947331922	1.15894663844
forward	2	0.2	0.3577708764	0.9155417528
sections	1	0.2	0.3577708764	0.9155417528
considerably	1	0.2	0.3577708764	0.9155417528
perplexing	2	0.2	0.3577708764	0.9155417528
authority	9	2.2	1.6	5.4
line	6	0.6	0.651152823844	1.90230564769
considerable	3	1.0	0.632455532034	2.26491106407
inducements	3	0.4	0.7155417528	1.8310835056
redeemed	2	0.2	0.3577708764	0.9155417528
suitable	2	0.2	0.3577708764	0.9155417528
unexpected	1	0.2	0.3577708764	0.9155417528
fluctuations	1	0.2	0.3577708764	0.9155417528
similar	6	0.4	0.37947331922	1.15894663844
defined	1	0.2	0.3577708764	0.9155417528
influence	7	1.6	1.64438438329	4.88876876658
single	2	0.4	0.7155417528	1.8310835056
evils	2	0.6	0.651152823844	1.90230564769
violate	1	0.2	0.3577708764	0.9155417528
composing	2	0.4	0.37947331922	1.15894663844
dissolved	1	0.2	0.3577708764	0.9155417528
statement	1	0.2	0.3577708764	0.9155417528
urged	4	1.0	1.0	3.0
land	6	0.8	0.551361950084	1.90272390017
required	7	1.6	1.15238882327	3.90477764654
departments	5	0.4	0.37947331922	1.15894663844
ascertained	1	0.2	0.3577708764	0.9155417528
once	3	0.4	0.37947331922	1.15894663844
issued	3	0.8	0.987927122818	2.77585424564
results	4	0.4	0.7155417528	1.8310835056
existing	7	2.2	1.46969384567	5.13938769134
proposition	1	0.2	0.3577708764	0.9155417528
adjustment	8	1.0	0.894427191	2.788854382
compact	2	0.2	0.3577708764	0.9155417528
disturbances	1	0.2	0.3577708764	0.9155417528
friendly	6	1.2	1.2585706178	3.71714123561
resources	4	1.2	0.885437744847	2.97087548969
continued	5	1.0	0.632455532034	2.26491106407
timely	1	0.2	0.3577708764	0.9155417528
entire	4	0.6	0.651152823844	1.90230564769
notes	11	1.6	2.8621670112	7.3243340224
restoring	2	0.2	0.3577708764	0.9155417528
settlers	3	0.2	0.3577708764	0.9155417528
mediterranean	2	0.2	0.3577708764	0.9155417528
confided	2	0.4	0.37947331922	1.15894663844
giving	2	0.4	0.7155417528	1.8310835056
3d	1	0.2	0.3577708764	0.9155417528
advantageously	1	0.2	0.3577708764	0.9155417528
degree	4	1.2	1.2585706178	3.71714123561
cultivators	1	0.2	0.3577708764	0.9155417528
separation	1	0.2	0.3577708764	0.9155417528
opinion	8	1.0	0.894427191	2.788854382
honor	3	0.8	0.987927122818	2.77585424564
examinations	1	0.2	0.3577708764	0.9155417528
from	50	22.4	13.2302683268	48.8605366537
examination	6	0.6	0.651152823844	1.90230564769
themselves	7	2.4	1.86761880479	6.13523760958
formally	1	0.2	0.3577708764	0.9155417528
account	1	0.2	0.3577708764	0.9155417528
of	747	314.8	159.643853624	634.087707248
control	4	1.0	1.3416407865	3.683281573
wishes	4	0.2	0.3577708764	0.9155417528
purposes	6	2.2	1.09178752512	4.38357505023
sought	1	0.2	0.3577708764	0.9155417528
voice	2	0.2	0.3577708764	0.9155417528
united	30	18.2	5.52810998443	29.2562199689
numerous	2	0.2	0.3577708764	0.9155417528
frontiers	3	0.4	0.37947331922	1.15894663844
establishment	5	2.2	1.16619037897	4.53238075794
practicable	4	0.8	0.551361950084	1.90272390017
collection	3	0.2	0.3577708764	0.9155417528
referring	1	0.2	0.3577708764	0.9155417528
efficiently	1	0.2	0.3577708764	0.9155417528
realized	1	0.2	0.3577708764	0.9155417528
tenure	1	0.2	0.3577708764	0.9155417528
six	1	0.2	0.3577708764	0.9155417528
altogether	1	0.2	0.3577708764	0.9155417528
produced	5	1.0	0.632455532034	2.26491106407
own	13	3.6	1.62480768093	6.84961536185
137	1	0.2	0.3577708764	0.9155417528
superior	1	0.2	0.3577708764	0.9155417528
chosen	1	0.2	0.3577708764	0.9155417528
accredited	2	0.2	0.3577708764	0.9155417528
labor	2	0.6	0.309838667697	1.21967733539
previously	1	0.2	0.3577708764	0.9155417528
pending	5	0.4	0.37947331922	1.15894663844
greater	8	1.4	1.629723903	4.65944780599
adjournment	1	0.2	0.3577708764	0.9155417528
magnitude	1	0.2	0.3577708764	0.9155417528
transmitted	1	0.2	0.3577708764	0.9155417528
mode	5	1.6	0.903327183251	3.4066543665
raised	1	0.2	0.3577708764	0.9155417528
upward	3	0.2	0.3577708764	0.9155417528
unfortunately	3	0.4	0.7155417528	1.8310835056
doing	1	0.2	0.3577708764	0.9155417528
constitute	3	0.6	0.651152823844	1.90230564769
common	5	0.8	0.551361950084	1.90272390017
length	2	0.2	0.3577708764	0.9155417528
produce	3	0.8	0.1788854382	1.1577708764
removing	3	0.4	0.7155417528	1.8310835056
mankind	1	0.2	0.3577708764	0.9155417528
powerful	1	0.2	0.3577708764	0.9155417528
owned	1	0.2	0.3577708764	0.9155417528
legislative	3	1.0	0.4472135955	1.894427191
ancient	1	0.2	0.3577708764	0.9155417528
adopted	7	1.2	1.70176379089	4.60352758179
their	74	21.8	14.2884568796	50.3769137592
perfectly	1	0.2	0.3577708764	0.9155417528
final	8	1.0	0.4472135955	1.894427191
interests	16	4.0	2.52982212813	9.05964425627
completed	3	0.6	0.651152823844	1.90230564769
acquire	2	0.2	0.3577708764	0.9155417528
july	2	0.2	0.3577708764	0.9155417528
holland	1	0.2	0.3577708764	0.9155417528
discriminating	2	0.2	0.3577708764	0.9155417528
providing	3	1.0	0.4472135955	1.894427191
have	81	35.2	16.0922341519	67.3844683038
need	1	0.2	0.3577708764	0.9155417528
demonstration	1	0.2	0.3577708764	0.9155417528
documents	4	1.2	0.885437744847	2.97087548969
agency	1	0.2	0.3577708764	0.9155417528
concerns	4	0.8	0.987927122818	2.77585424564
unless	2	0.6	0.651152823844	1.90230564769
connected	6	1.2	0.521536192416	2.24307238483
neighboring	2	0.6	0.651152823844	1.90230564769
request	1	0.2	0.3577708764	0.9155417528
fact	3	0.6	0.651152823844	1.90230564769
bring	4	1.4	0.8049844719	3.0099689438
should	34	10.2	6.30555310817	22.8111062163
employed	4	1.0	0.894427191	2.788854382
local	6	1.0	0.894427191	2.788854382
improvident	1	0.2	0.3577708764	0.9155417528
made	27	12.0	7.07106781187	26.1421356237
stability	4	0.2	0.3577708764	0.9155417528
stipulations	2	0.6	0.651152823844	1.90230564769
whilst	2	0.4	0.7155417528	1.8310835056
denmark	1	0.2	0.3577708764	0.9155417528
calling	1	0.2	0.3577708764	0.9155417528
she	1	0.2	0.3577708764	0.9155417528
fixed	2	0.4	0.37947331922	1.15894663844
conform	2	0.2	0.3577708764	0.9155417528
persuaded	1	0.2	0.3577708764	0.9155417528
operates	1	0.2	0.3577708764	0.9155417528
pennsylvania	1	0.2	0.3577708764	0.9155417528
operated	1	0.2	0.3577708764	0.9155417528
favor	6	1.8	1.5205262247	4.8410524494
difficulties	3	0.8	0.551361950084	1.90272390017
sole	2	0.2	0.3577708764	0.9155417528
ability	1	0.2	0.3577708764	0.9155417528
career	1	0.2	0.3577708764	0.9155417528
invited	4	0.6	0.309838667697	1.21967733539
safely	2	0.2	0.3577708764	0.9155417528
strongly	2	0.2	0.3577708764	0.9155417528
adjusted	2	0.6	0.651152823844	1.90230564769
extent	8	2.2	1.41138230115	5.0227646023
abortive	1	0.2	0.3577708764	0.9155417528
disturbing	2	0.2	0.3577708764	0.9155417528
addition	2	1.0	0.4472135955	1.894427191
copies	2	0.2	0.3577708764	0.9155417528
immense	1	0.2	0.3577708764	0.9155417528
waste	1	0.2	0.3577708764	0.9155417528
naples	1	0.2	0.3577708764	0.9155417528
policy	15	4.4	5.04380808517	14.4876161703
arisen	2	0.6	0.651152823844	1.90230564769
abandoned	2	0.4	0.7155417528	1.8310835056
value	13	1.8	1.95345847153	5.70691694306
promoted	3	0.2	0.3577708764	0.9155417528
happened	1	0.2	0.3577708764	0.9155417528
annual	5	1.0	1.0	3.0
arrangements	3	0.4	0.37947331922	1.15894663844
perhaps	6	0.6	1.0733126292	2.7466252584
privileges	6	0.8	0.551361950084	1.90272390017
views	5	1.6	1.27121988657	4.14243977313
difficult	2	0.2	0.3577708764	0.9155417528
injured	1	0.2	0.3577708764	0.9155417528
conflicting	3	0.2	0.3577708764	0.9155417528
columbia	2	0.4	0.37947331922	1.15894663844
upon	49	10.4	10.1492856892	30.6985713783
frequently	4	0.2	0.3577708764	0.9155417528
insure	1	0.2	0.3577708764	0.9155417528
retard	2	0.2	0.3577708764	0.9155417528
command	1	0.2	0.3577708764	0.9155417528
less	6	1.8	1.56971334963	4.93942669926
accurate	1	0.2	0.3577708764	0.9155417528
executive	7	3.6	1.56460857725	6.7292171545
sources	2	0.8	0.551361950084	1.90272390017
evince	1	0.2	0.3577708764	0.9155417528
protecting	1	0.2	0.3577708764	0.9155417528
rapid	3	0.2	0.3577708764	0.9155417528
adoption	2	0.6	0.651152823844	1.90230564769
increased	9	1.8	1.56971334963	4.93942669926
government	72	23.4	20.1851430513	63.7702861025
devised	1	0.2	0.3577708764	0.9155417528
were	23	5.2	2.99332590942	11.1866518188
five	2	0.2	0.3577708764	0.9155417528
countervailing	1	0.2	0.3577708764	0.9155417528
admitted	2	0.2	0.3577708764	0.9155417528
growth	1	0.2	0.3577708764	0.9155417528
recommendation	3	0.4	0.37947331922	1.15894663844
home	3	0.6	0.651152823844	1.90230564769
employment	2	0.4	0.37947331922	1.15894663844
throughout	3	1.0	0.632455532034	2.26491106407
avoid	2	0.4	0.37947331922	1.15894663844
limitations	1	0.2	0.3577708764	0.9155417528
although	7	1.8	0.748331477355	3.29666295471
about	8	2.0	1.26491106407	4.52982212813
actual	6	1.0	0.632455532034	2.26491106407
certainty	3	0.6	0.651152823844	1.90230564769
dependence	3	0.6	0.651152823844	1.90230564769
compatible	1	0.2	0.3577708764	0.9155417528
guard	3	0.4	0.37947331922	1.15894663844
mere	1	0.2	0.3577708764	0.9155417528
utility	1	0.2	0.3577708764	0.9155417528
doubtless	3	1.0	0.632455532034	2.26491106407
terminated	3	0.2	0.3577708764	0.9155417528
mississippi	5	0.6	0.651152823844	1.90230564769
soil	3	0.8	0.987927122818	2.77585424564
naturally	2	0.2	0.3577708764	0.9155417528
fiscal	6	0.2	0.3577708764	0.9155417528
funds	4	1.2	0.885437744847	2.97087548969
institution	4	1.2	0.885437744847	2.97087548969
disbursement	2	0.2	0.3577708764	0.9155417528
wise	3	1.2	0.885437744847	2.97087548969
vigor	1	0.2	0.3577708764	0.9155417528
below	1	0.2	0.3577708764	0.9155417528
reciprocated	1	0.2	0.3577708764	0.9155417528
entering	1	0.2	0.3577708764	0.9155417528
contribute	2	0.8	0.551361950084	1.90272390017
happen	2	0.2	0.3577708764	0.9155417528
indulged	1	0.2	0.3577708764	0.9155417528
offensive	1	0.2	0.3577708764	0.9155417528
41	1	0.2	0.3577708764	0.9155417528
old	7	0.2	0.3577708764	0.9155417528
details	3	1.2	0.819756061277	2.83951212255
branch	5	1.2	0.521536192416	2.24307238483
living	1	0.2	0.3577708764	0.9155417528
oppression	1	0.2	0.3577708764	0.9155417528
enlargement	1	0.2	0.3577708764	0.9155417528
pestilence	1	0.2	0.3577708764	0.9155417528
rule	3	0.8	0.987927122818	2.77585424564
