practicability	1	0.2	0.3577708764	0.9155417528
assembled	1	0.2	0.3577708764	0.9155417528
aggression	4	0.2	0.3577708764	0.9155417528
offenses	1	0.2	0.3577708764	0.9155417528
granting	2	0.2	0.3577708764	0.9155417528
under	43	11.4	6.74091981854	24.8818396371
navigating	1	0.2	0.3577708764	0.9155417528
unsold	2	0.2	0.3577708764	0.9155417528
agitations	1	0.2	0.3577708764	0.9155417528
affect	2	0.4	0.37947331922	1.15894663844
convenience	1	0.2	0.3577708764	0.9155417528
occupancy	2	0.4	0.37947331922	1.15894663844
force	17	4.4	2.41660919472	9.23321838944
29th	1	0.2	0.3577708764	0.9155417528
desirous	2	0.6	0.651152823844	1.90230564769
conduct	3	0.6	0.309838667697	1.21967733539
increasing	6	1.0	0.4472135955	1.894427191
ever	16	2.6	1.88042548377	6.36085096753
consisting	1	0.2	0.3577708764	0.9155417528
deemed	10	1.8	1.1242775458	4.04855509161
whose	5	1.6	1.2	4.0
ulterior	1	0.2	0.3577708764	0.9155417528
protection	26	4.0	2.60768096208	9.21536192416
growing	4	0.4	0.37947331922	1.15894663844
prussia	2	0.2	0.3577708764	0.9155417528
pretensions	1	0.2	0.3577708764	0.9155417528
envoy	4	0.2	0.3577708764	0.9155417528
proportioned	1	0.2	0.3577708764	0.9155417528
reports	2	0.4	0.37947331922	1.15894663844
controversy	3	0.4	0.37947331922	1.15894663844
credit	3	0.8	0.987927122818	2.77585424564
abolition	1	0.2	0.3577708764	0.9155417528
adopting	3	0.4	0.7155417528	1.8310835056
punishment	1	0.2	0.3577708764	0.9155417528
brought	6	2.0	1.41421356237	4.82842712475
army	10	3.0	2.86356421266	8.72712842531
call	4	0.6	0.309838667697	1.21967733539
therefore	8	3.0	1.48323969742	5.96647939484
recommend	22	3.4	2.57681974535	8.55363949069
25th	1	0.2	0.3577708764	0.9155417528
modification	3	0.6	0.651152823844	1.90230564769
successful	3	1.0	0.4472135955	1.894427191
menaced	2	0.4	0.7155417528	1.8310835056
hold	3	0.6	0.651152823844	1.90230564769
casualties	1	0.2	0.3577708764	0.9155417528
language	1	0.2	0.3577708764	0.9155417528
rights	15	3.8	1.91624633072	7.63249266144
revenues	1	0.2	0.3577708764	0.9155417528
example	6	0.4	0.37947331922	1.15894663844
currency	3	0.2	0.3577708764	0.9155417528
times	4	0.8	0.551361950084	1.90272390017
advancing	1	0.2	0.3577708764	0.9155417528
end	4	1.8	0.558569601751	2.9171392035
topographical	1	0.2	0.3577708764	0.9155417528
monroe	2	0.4	0.7155417528	1.8310835056
ordinary	2	0.4	0.37947331922	1.15894663844
wrong	1	0.2	0.3577708764	0.9155417528
lay	2	0.6	0.651152823844	1.90230564769
president	4	1.2	0.885437744847	2.97087548969
purchase	3	1.0	0.632455532034	2.26491106407
attempt	2	0.6	0.309838667697	1.21967733539
effective	1	0.2	0.3577708764	0.9155417528
think	3	0.6	0.651152823844	1.90230564769
like	6	1.6	0.8	3.2
used	7	0.4	0.7155417528	1.8310835056
first	14	4.2	2.63818119165	9.47636238331
office	6	2.0	1.54919333848	5.09838667697
consent	3	1.0	0.632455532034	2.26491106407
over	12	2.4	2.26627447587	6.93254895175
guidance	1	0.2	0.3577708764	0.9155417528
london	2	0.4	0.7155417528	1.8310835056
fit	2	0.4	0.37947331922	1.15894663844
revenue	29	2.8	2.65028300376	8.10056600751
destroyed	1	0.2	0.3577708764	0.9155417528
they	60	21.6	14.9612833674	51.5225667348
several	11	2.6	1.35646599663	5.31293199325
organized	5	1.0	0.894427191	2.788854382
entitled	3	1.0	0.894427191	2.788854382
lofty	1	0.2	0.3577708764	0.9155417528
afforded	4	1.4	1.20664825032	3.81329650064
suspended	2	0.4	0.37947331922	1.15894663844
councils	2	0.4	0.37947331922	1.15894663844
principles	6	2.6	1.01980390272	4.63960780544
navy	8	2.2	1.41138230115	5.0227646023
god	1	0.2	0.3577708764	0.9155417528
laid	5	1.6	0.489897948557	2.57979589711
safety	7	1.8	1.1242775458	4.04855509161
independence	8	1.0	0.632455532034	2.26491106407
foundation	2	0.6	0.651152823844	1.90230564769
assured	1	0.2	0.3577708764	0.9155417528
free	19	2.6	1.29923054151	5.19846108303
standard	7	0.2	0.3577708764	0.9155417528
management	3	0.4	0.7155417528	1.8310835056
formation	1	0.2	0.3577708764	0.9155417528
created	6	1.2	1.13841995766	3.47683991532
disturbed	1	0.2	0.3577708764	0.9155417528
signature	1	0.2	0.3577708764	0.9155417528
reserving	1	0.2	0.3577708764	0.9155417528
repealed	1	0.2	0.3577708764	0.9155417528
relations	17	4.4	3.38230690506	11.1646138101
another	6	1.0	1.3416407865	3.683281573
compromise	11	0.2	0.3577708764	0.9155417528
took	3	0.4	0.7155417528	1.8310835056
rejected	7	0.2	0.3577708764	0.9155417528
western	3	1.2	0.885437744847	2.97087548969
nations	20	6.0	1.8973665961	9.7947331922
powers	13	4.6	2.49799919936	9.59599839872
manner	9	2.0	1.8973665961	5.7947331922
further	11	4.2	2.31516738056	8.83033476112
notwithstanding	2	0.4	0.7155417528	1.8310835056
expeditions	2	0.2	0.3577708764	0.9155417528
strength	2	0.6	0.651152823844	1.90230564769
latter	3	1.2	0.521536192416	2.24307238483
responsible	4	0.2	0.3577708764	0.9155417528
sound	2	0.4	0.37947331922	1.15894663844
neither	2	0.8	0.551361950084	1.90272390017
established	5	2.2	0.748331477355	3.69666295471
object	9	4.0	2.44948974278	8.89897948557
extending	2	0.4	0.37947331922	1.15894663844
involving	2	0.4	0.37947331922	1.15894663844
conceded	2	0.2	0.3577708764	0.9155417528
stood	1	0.2	0.3577708764	0.9155417528
the	1534	553.2	340.29246245	1233.7849249
treaty	20	3.0	1.73205080757	6.46410161514
principle	15	1.4	0.49799598392	2.39599196784
entertaining	3	0.2	0.3577708764	0.9155417528
section	2	0.6	0.651152823844	1.90230564769
reductions	1	0.2	0.3577708764	0.9155417528
attempts	4	0.2	0.3577708764	0.9155417528
enjoyed	3	0.4	0.37947331922	1.15894663844
orleans	2	0.2	0.3577708764	0.9155417528
rico	1	0.2	0.3577708764	0.9155417528
stipulations	2	0.6	0.651152823844	1.90230564769
adequate	5	1.8	1.56971334963	4.93942669926
do	6	1.4	1.36528385327	4.13056770654
exports	1	0.2	0.3577708764	0.9155417528
settlements	5	0.6	1.0733126292	2.7466252584
hostility	2	0.6	0.651152823844	1.90230564769
coast	5	1.6	1.27121988657	4.14243977313
spirit	11	1.8	1.1242775458	4.04855509161
altogether	3	0.2	0.3577708764	0.9155417528
happiest	1	0.2	0.3577708764	0.9155417528
countries	16	2.6	1.6994116629	5.9988233258
squadron	5	0.6	1.0733126292	2.7466252584
observed	4	0.6	0.651152823844	1.90230564769
decided	3	0.2	0.3577708764	0.9155417528
european	12	0.4	0.37947331922	1.15894663844
holding	2	0.2	0.3577708764	0.9155417528
said	9	0.2	0.3577708764	0.9155417528
injuries	6	1.0	1.0	3.0
protected	6	0.4	0.7155417528	1.8310835056
drawn	2	0.4	0.37947331922	1.15894663844
men	3	0.6	0.651152823844	1.90230564769
terms	8	0.8	0.987927122818	2.77585424564
extend	4	0.6	0.309838667697	1.21967733539
were	36	9.2	7.4404300951	24.0808601902
devout	1	0.2	0.3577708764	0.9155417528
country	44	10.2	7.75628777187	25.7125755437
against	14	2.6	0.8	4.2
creditors	2	0.2	0.3577708764	0.9155417528
installments	7	0.2	0.3577708764	0.9155417528
distinction	1	0.2	0.3577708764	0.9155417528
asked	1	0.2	0.3577708764	0.9155417528
negotiation	14	0.8	0.551361950084	1.90272390017
30th	7	1.0	0.894427191	2.788854382
irresponsible	1	0.2	0.3577708764	0.9155417528
represented	1	0.2	0.3577708764	0.9155417528
three	6	1.2	0.885437744847	2.97087548969
been	99	40.0	28.1921975021	96.3843950043
much	16	4.8	3.99399549324	12.7879909865
entered	1	0.2	0.3577708764	0.9155417528
incompetent	2	0.2	0.3577708764	0.9155417528
duties	29	5.8	3.76297754445	13.3259550889
life	3	0.4	0.37947331922	1.15894663844
quantities	3	0.2	0.3577708764	0.9155417528
concerning	2	0.8	0.551361950084	1.90272390017
moneys	4	1.0	1.3416407865	3.683281573
exception	2	0.6	0.309838667697	1.21967733539
contemplated	4	0.6	1.0733126292	2.7466252584
lessen	1	0.2	0.3577708764	0.9155417528
near	3	0.8	0.987927122818	2.77585424564
aid	4	0.6	0.651152823844	1.90230564769
balance	5	1.2	0.521536192416	2.24307238483
seven	1	0.2	0.3577708764	0.9155417528
losses	2	0.4	0.37947331922	1.15894663844
mexico	41	1.0	1.0	3.0
is	111	47.0	26.5179184703	100.035836941
it	159	66.8	34.9365138501	136.6730277
expenses	5	1.0	0.0	1.0
in	302	113.4	68.3274469009	250.054893802
trusted	1	0.2	0.3577708764	0.9155417528
perform	2	0.8	0.1788854382	1.1577708764
make	18	4.6	3.89974358131	12.3994871626
1818	7	0.2	0.3577708764	0.9155417528
independent	10	2.0	1.09544511501	4.19089023002
permit	3	1.2	0.521536192416	2.24307238483
themselves	14	2.8	2.40665743304	7.61331486608
opportunity	2	0.8	0.1788854382	1.1577708764
kept	4	0.6	0.651152823844	1.90230564769
hearty	1	0.2	0.3577708764	0.9155417528
claims	13	2.8	2.05523721259	6.91047442517
left	6	1.0	0.894427191	2.788854382
departed	2	0.2	0.3577708764	0.9155417528
assigned	1	0.2	0.3577708764	0.9155417528
facts	2	0.2	0.3577708764	0.9155417528
october	7	0.8	0.987927122818	2.77585424564
previous	4	1.8	0.748331477355	3.29666295471
character	10	3.6	2.45926818383	8.51853636766
board	3	0.2	0.3577708764	0.9155417528
east	2	0.6	0.651152823844	1.90230564769
possible	5	1.2	1.30230564769	3.80461129538
desire	12	2.6	3.39646875446	9.39293750891
56	2	0.2	0.3577708764	0.9155417528
unnecessary	2	0.6	0.651152823844	1.90230564769
specific	2	0.2	0.3577708764	0.9155417528
officer	3	0.2	0.3577708764	0.9155417528
security	5	1.4	1.20664825032	3.81329650064
performing	1	0.2	0.3577708764	0.9155417528
successfully	1	0.2	0.3577708764	0.9155417528
crown	1	0.2	0.3577708764	0.9155417528
productions	1	0.2	0.3577708764	0.9155417528
election	3	0.2	0.3577708764	0.9155417528
dear	1	0.2	0.3577708764	0.9155417528
for	147	54.2	32.3382126903	118.876425381
contributing	1	0.2	0.3577708764	0.9155417528
columbus	2	0.2	0.3577708764	0.9155417528
substitution	1	0.2	0.3577708764	0.9155417528
manufacturing	2	0.2	0.3577708764	0.9155417528
permitted	3	0.4	0.37947331922	1.15894663844
citizens	26	8.0	5.8991524815	19.798304963
constituting	2	0.4	0.7155417528	1.8310835056
civil	6	1.8	1.56971334963	4.93942669926
down	4	0.4	0.37947331922	1.15894663844
doctrine	1	0.2	0.3577708764	0.9155417528
existed	2	0.4	0.7155417528	1.8310835056
constantly	2	0.2	0.3577708764	0.9155417528
jealousy	2	0.6	0.309838667697	1.21967733539
payment	8	1.8	1.56971334963	4.93942669926
accordingly	6	0.6	0.651152823844	1.90230564769
authorized	5	0.8	0.1788854382	1.1577708764
was	102	17.0	10.4498803821	37.8997607642
war	17	8.2	3.81575680567	15.8315136113
happy	4	1.0	0.4472135955	1.894427191
therefrom	1	0.2	0.3577708764	0.9155417528
form	5	1.2	0.521536192416	2.24307238483
differences	7	1.0	1.3416407865	3.683281573
failure	3	0.4	0.37947331922	1.15894663844
sustained	1	0.2	0.3577708764	0.9155417528
removed	2	0.8	0.551361950084	1.90272390017
wisdom	6	1.4	0.809938269253	3.01987653851
submitting	1	0.2	0.3577708764	0.9155417528
157	1	0.2	0.3577708764	0.9155417528
twenty	3	0.2	0.3577708764	0.9155417528
evidence	2	1.0	0.4472135955	1.894427191
exist	4	0.8	0.551361950084	1.90272390017
claimants	3	0.4	0.7155417528	1.8310835056
check	1	0.2	0.3577708764	0.9155417528
negotiations	2	0.8	0.551361950084	1.90272390017
no	41	11.6	8.52291030107	28.6458206021
power	21	5.8	3.31058907145	12.4211781429
unwilling	1	0.2	0.3577708764	0.9155417528
congratulate	2	0.6	0.651152823844	1.90230564769
preceding	2	0.4	0.37947331922	1.15894663844
felt	3	0.8	0.551361950084	1.90272390017
rising	1	0.2	0.3577708764	0.9155417528
authorities	4	0.6	0.309838667697	1.21967733539
discharge	4	0.8	0.1788854382	1.1577708764
conferred	1	0.2	0.3577708764	0.9155417528
others	10	2.2	0.6260990337	3.4521980674
consul	1	0.2	0.3577708764	0.9155417528
people	34	10.0	6.78232998313	23.5646599663
charge	4	1.0	0.894427191	2.788854382
third	5	0.2	0.3577708764	0.9155417528
advantage	7	2.0	1.54919333848	5.09838667697
did	3	0.8	0.551361950084	1.90272390017
settle	6	0.6	0.651152823844	1.90230564769
revolution	1	0.2	0.3577708764	0.9155417528
inland	1	0.2	0.3577708764	0.9155417528
cost	3	0.4	0.37947331922	1.15894663844
substitute	1	0.2	0.3577708764	0.9155417528
amounting	4	0.6	0.309838667697	1.21967733539
satisfy	1	0.2	0.3577708764	0.9155417528
mr	5	0.2	0.3577708764	0.9155417528
understanding	4	0.6	0.651152823844	1.90230564769
alone	3	1.4	0.489897948557	2.37979589711
along	3	0.8	0.551361950084	1.90272390017
title	6	0.4	0.37947331922	1.15894663844
trial	1	0.2	0.3577708764	0.9155417528
navigation	10	2.0	1.09544511501	4.19089023002
market	5	1.0	0.894427191	2.788854382
wrongs	6	0.4	0.37947331922	1.15894663844
territories	6	1.2	1.2585706178	3.71714123561
unjust	4	0.4	0.37947331922	1.15894663844
commissioner	3	0.4	0.7155417528	1.8310835056
preserving	1	0.2	0.3577708764	0.9155417528
afford	9	1.8	1.5205262247	4.8410524494
india	1	0.2	0.3577708764	0.9155417528
effort	3	0.8	0.1788854382	1.1577708764
modified	1	0.2	0.3577708764	0.9155417528
can	33	12.6	6.59090282131	25.7818056426
9th	2	0.2	0.3577708764	0.9155417528
believed	8	1.6	1.64438438329	4.88876876658
claim	7	1.2	0.521536192416	2.24307238483
months	5	0.4	0.7155417528	1.8310835056
december	5	2.0	0.0	2.0
agent	6	0.6	0.651152823844	1.90230564769
offense	1	0.2	0.3577708764	0.9155417528
discussion	2	0.4	0.7155417528	1.8310835056
cuba	1	0.2	0.3577708764	0.9155417528
1	8	2.0	1.09544511501	4.19089023002
armies	3	0.4	0.7155417528	1.8310835056
product	1	0.2	0.3577708764	0.9155417528
information	6	0.8	0.1788854382	1.1577708764
23d	1	0.2	0.3577708764	0.9155417528
designed	2	0.4	0.37947331922	1.15894663844
islands	1	0.2	0.3577708764	0.9155417528
such	46	14.8	9.68297474953	34.1659494991
branches	3	1.4	0.489897948557	2.37979589711
6th	3	0.2	0.3577708764	0.9155417528
taking	2	0.2	0.3577708764	0.9155417528
raised	6	0.4	0.37947331922	1.15894663844
years	20	3.6	4.10463153036	11.8092630607
embezzlement	1	0.2	0.3577708764	0.9155417528
still	8	3.4	1.52577848982	6.45155697964
1832	4	1.0	1.3416407865	3.683281573
1831	3	0.2	0.3577708764	0.9155417528
1834	1	0.2	0.3577708764	0.9155417528
forms	1	0.2	0.3577708764	0.9155417528
mail	5	0.8	0.987927122818	2.77585424564
correspondence	4	0.2	0.3577708764	0.9155417528
thereby	3	0.6	0.651152823844	1.90230564769
compelled	1	0.2	0.3577708764	0.9155417528
provision	9	3.0	1.8973665961	6.7947331922
patriotic	2	0.4	0.37947331922	1.15894663844
maintaining	2	0.4	0.7155417528	1.8310835056
possess	3	0.6	0.651152823844	1.90230564769
james	3	0.8	0.75894663844	2.31789327688
establishing	3	0.2	0.3577708764	0.9155417528
importation	4	0.2	0.3577708764	0.9155417528
entirely	3	0.6	0.651152823844	1.90230564769
receipt	3	0.2	0.3577708764	0.9155417528
directing	2	0.2	0.3577708764	0.9155417528
accomplish	2	0.6	0.309838667697	1.21967733539
interference	8	0.4	0.37947331922	1.15894663844
increase	11	2.2	1.850405361	5.90081072199
contained	3	0.4	0.37947331922	1.15894663844
correct	3	1.0	0.894427191	2.788854382
attended	1	0.2	0.3577708764	0.9155417528
care	5	0.4	0.37947331922	1.15894663844
impose	4	0.4	0.7155417528	1.8310835056
british	20	2.4	1.04307238483	4.48614476966
place	8	1.6	0.963327566303	3.52665513261
627	1	0.2	0.3577708764	0.9155417528
coming	5	0.4	0.37947331922	1.15894663844
accruing	1	0.2	0.3577708764	0.9155417528
submit	3	0.6	0.651152823844	1.90230564769
directly	5	0.4	0.7155417528	1.8310835056
spanish	8	0.8	0.75894663844	2.31789327688
corporations	3	0.8	0.987927122818	2.77585424564
cheerfully	1	0.2	0.3577708764	0.9155417528
given	11	4.4	1.95959179423	8.31918358845
checked	1	0.2	0.3577708764	0.9155417528
europe	6	1.4	0.8049844719	3.0099689438
2	7	1.4	0.489897948557	2.37979589711
convention	19	2.0	1.788854382	5.577708764
labors	3	0.4	0.37947331922	1.15894663844
that	222	78.8	53.1842081825	185.168416365
taxation	5	0.6	0.651152823844	1.90230564769
short	2	0.4	0.37947331922	1.15894663844
undoubtedly	3	0.6	0.651152823844	1.90230564769
appreciated	1	0.2	0.3577708764	0.9155417528
diplomatic	5	0.8	0.987927122818	2.77585424564
transferred	4	0.2	0.3577708764	0.9155417528
and	537	177.6	117.945071961	413.490143923
mountains	9	0.2	0.3577708764	0.9155417528
13th	2	0.2	0.3577708764	0.9155417528
any	50	11.8	10.0753163722	31.9506327444
invite	2	0.8	0.1788854382	1.1577708764
efficient	5	1.6	1.51789327688	4.63578655376
unavailing	1	0.2	0.3577708764	0.9155417528
repeatedly	2	0.2	0.3577708764	0.9155417528
interior	2	0.2	0.3577708764	0.9155417528
destroy	1	0.2	0.3577708764	0.9155417528
channel	1	0.2	0.3577708764	0.9155417528
postmaster	2	0.4	0.7155417528	1.8310835056
paid	10	1.0	0.894427191	2.788854382
complaints	2	0.8	0.551361950084	1.90272390017
america	8	0.4	0.7155417528	1.8310835056
voluntary	1	0.2	0.3577708764	0.9155417528
especially	8	0.4	0.37947331922	1.15894663844
adopt	4	1.0	0.632455532034	2.26491106407
prepare	1	0.2	0.3577708764	0.9155417528
dispersed	1	0.2	0.3577708764	0.9155417528
affirmed	1	0.2	0.3577708764	0.9155417528
laws	16	4.8	3.99399549324	12.7879909865
event	4	0.6	0.651152823844	1.90230564769
tonnage	4	0.8	0.551361950084	1.90272390017
treasure	1	0.2	0.3577708764	0.9155417528
proportion	4	0.6	0.309838667697	1.21967733539
soon	4	1.6	0.8	3.2
nearly	3	0.4	0.37947331922	1.15894663844
distinctly	4	0.2	0.3577708764	0.9155417528
yield	2	0.4	0.37947331922	1.15894663844
sum	3	1.0	0.632455532034	2.26491106407
though	6	1.2	0.819756061277	2.83951212255
declared	5	0.2	0.3577708764	0.9155417528
imposing	2	0.2	0.3577708764	0.9155417528
representatives	4	2.2	0.748331477355	3.69666295471
materials	1	0.2	0.3577708764	0.9155417528
between	37	7.2	6.07947366143	19.3589473229
import	2	0.2	0.3577708764	0.9155417528
notice	9	1.6	1.55434873822	4.70869747644
august	7	0.2	0.3577708764	0.9155417528
concentrate	1	0.2	0.3577708764	0.9155417528
article	13	0.8	0.987927122818	2.77585424564
concentrated	1	0.2	0.3577708764	0.9155417528
s	5	0.2	0.3577708764	0.9155417528
duty	41	4.8	3.48711915483	11.7742383097
among	8	2.8	2.22710574513	7.25421149026
afterwards	6	0.2	0.3577708764	0.9155417528
period	14	3.6	3.87814388593	11.3562877719
maintained	5	0.8	0.551361950084	1.90272390017
better	2	0.6	0.651152823844	1.90230564769
arts	2	0.2	0.3577708764	0.9155417528
territorial	4	0.2	0.3577708764	0.9155417528
concede	3	0.2	0.3577708764	0.9155417528
dangers	2	0.4	0.37947331922	1.15894663844
offered	8	0.6	0.651152823844	1.90230564769
external	1	0.2	0.3577708764	0.9155417528
case	6	1.0	0.632455532034	2.26491106407
developing	1	0.2	0.3577708764	0.9155417528
residence	2	0.4	0.37947331922	1.15894663844
superintendence	2	0.6	0.651152823844	1.90230564769
engaged	5	1.2	0.885437744847	2.97087548969
them	56	18.4	12.8623481527	44.1246963053
embrace	1	0.2	0.3577708764	0.9155417528
ship	2	0.2	0.3577708764	0.9155417528
different	8	1.2	1.30230564769	3.80461129538
pay	8	0.8	0.987927122818	2.77585424564
granted	3	1.2	0.819756061277	2.83951212255
same	21	5.0	4.44971909226	13.8994381845
deference	3	0.4	0.7155417528	1.8310835056
tariff	8	0.8	0.551361950084	1.90272390017
reference	2	0.6	0.309838667697	1.21967733539
complained	3	0.2	0.3577708764	0.9155417528
constitutional	5	1.0	0.894427191	2.788854382
without	24	7.4	6.94550214167	21.2910042833
charged	2	0.6	0.309838667697	1.21967733539
civilized	3	0.2	0.3577708764	0.9155417528
death	1	0.2	0.3577708764	0.9155417528
except	4	0.8	0.987927122818	2.77585424564
kingdom	3	0.2	0.3577708764	0.9155417528
porto	1	0.2	0.3577708764	0.9155417528
ruler	1	0.2	0.3577708764	0.9155417528
earnest	2	0.6	0.309838667697	1.21967733539
confined	2	0.4	0.37947331922	1.15894663844
world	12	1.8	1.22963409192	4.25926818383
annually	2	0.4	0.7155417528	1.8310835056
serious	3	1.0	0.4472135955	1.894427191
either	12	1.8	1.5205262247	4.8410524494
revision	2	0.4	0.37947331922	1.15894663844
reduced	4	1.2	0.819756061277	2.83951212255
justify	1	0.2	0.3577708764	0.9155417528
exposed	2	0.8	0.551361950084	1.90272390017
pursuance	4	0.2	0.3577708764	0.9155417528
organizing	1	0.2	0.3577708764	0.9155417528
gross	1	0.2	0.3577708764	0.9155417528
footing	4	1.0	0.894427191	2.788854382
legal	2	0.8	0.551361950084	1.90272390017
payable	1	0.2	0.3577708764	0.9155417528
ratifications	1	0.2	0.3577708764	0.9155417528
business	7	1.6	1.27121988657	4.14243977313
communicate	5	0.8	0.987927122818	2.77585424564
on	140	44.6	26.8968399631	98.3936799262
renew	1	0.2	0.3577708764	0.9155417528
of	1010	358.2	227.375812258	812.951624516
industry	7	1.4	1.20664825032	3.81329650064
must	16	3.8	3.4292856399	10.6585712798
greatly	6	0.6	1.0733126292	2.7466252584
act	33	7.4	5.53534100124	18.4706820025
or	90	15.0	12.0	39.0
determine	3	0.8	0.551361950084	1.90272390017
parties	11	1.4	1.20664825032	3.81329650064
her	27	0.6	0.651152823844	1.90230564769
assumed	3	0.6	0.309838667697	1.21967733539
strictly	1	0.2	0.3577708764	0.9155417528
stipulation	1	0.2	0.3577708764	0.9155417528
low	3	0.2	0.3577708764	0.9155417528
discriminations	2	0.2	0.3577708764	0.9155417528
acre	2	0.2	0.3577708764	0.9155417528
with	127	56.8	34.1080635627	125.016127125
borders	3	0.2	0.3577708764	0.9155417528
circulation	3	0.4	0.7155417528	1.8310835056
indisposition	1	0.2	0.3577708764	0.9155417528
detailed	1	0.2	0.3577708764	0.9155417528
money	29	3.0	2.44948974278	7.89897948557
certain	4	1.8	0.748331477355	3.29666295471
sales	4	0.8	1.4310835056	3.6621670112
an	55	20.0	8.92188320928	37.8437664186
britain	13	1.8	1.05451410612	3.90902821223
at	61	22.6	17.5111393119	57.6222786238
amendments	1	0.2	0.3577708764	0.9155417528
terminating	1	0.2	0.3577708764	0.9155417528
congress	66	15.0	7.56306816048	30.126136321
separate	1	0.2	0.3577708764	0.9155417528
equitable	3	0.6	0.651152823844	1.90230564769
overture	1	0.2	0.3577708764	0.9155417528
remote	1	0.2	0.3577708764	0.9155417528
profits	2	0.2	0.3577708764	0.9155417528
resolution	6	0.2	0.3577708764	0.9155417528
original	3	1.2	0.885437744847	2.97087548969
minister	9	2.4	1.39140217047	5.18280434095
all	59	21.4	16.9776323438	55.3552646875
consider	4	0.4	0.7155417528	1.8310835056
caused	3	0.4	0.37947331922	1.15894663844
month	4	0.4	0.7155417528	1.8310835056
vessels	18	4.0	2.89827534924	9.79655069848
subjected	5	0.4	0.7155417528	1.8310835056
to	589	215.6	137.638076127	490.876152254
health	2	0.2	0.3577708764	0.9155417528
paying	1	0.2	0.3577708764	0.9155417528
virtue	3	0.4	0.37947331922	1.15894663844
these	40	12.4	7.60526133673	27.6105226735
adjust	6	0.2	0.3577708764	0.9155417528
small	8	2.0	0.632455532034	3.26491106407
indemnity	2	0.4	0.37947331922	1.15894663844
20th	5	0.2	0.3577708764	0.9155417528
withheld	1	0.2	0.3577708764	0.9155417528
ten	2	0.4	0.37947331922	1.15894663844
rate	8	0.2	0.3577708764	0.9155417528
pass	3	0.2	0.3577708764	0.9155417528
imported	8	0.6	0.651152823844	1.90230564769
eminent	1	0.2	0.3577708764	0.9155417528
movement	2	0.4	0.37947331922	1.15894663844
modify	1	0.2	0.3577708764	0.9155417528
treasury	30	7.6	5.31413210223	18.2282642045
november	4	0.6	1.0733126292	2.7466252584
strong	4	1.2	1.2585706178	3.71714123561
hearts	1	0.2	0.3577708764	0.9155417528
experience	5	2.0	0.894427191	3.788854382
amount	19	3.8	2.99332590942	9.78665181884
through	6	2.4	1.75727061092	5.91454122184
action	3	0.8	0.551361950084	1.90272390017
successors	1	0.2	0.3577708764	0.9155417528
followed	1	0.2	0.3577708764	0.9155417528
family	2	0.4	0.37947331922	1.15894663844
establish	5	0.2	0.3577708764	0.9155417528
readily	1	0.2	0.3577708764	0.9155417528
proceed	1	0.2	0.3577708764	0.9155417528
contains	1	0.2	0.3577708764	0.9155417528
two	27	3.6	4.9847768255	13.569553651
almost	2	0.6	0.651152823844	1.90230564769
6	5	0.8	0.75894663844	2.31789327688
taken	8	1.8	1.22963409192	4.25926818383
known	4	1.4	0.8	3.0
suffered	4	0.6	0.651152823844	1.90230564769
keeping	5	1.0	1.788854382	4.577708764
nine	1	0.2	0.3577708764	0.9155417528
sent	2	0.6	0.651152823844	1.90230564769
stated	1	0.2	0.3577708764	0.9155417528
abandonment	1	0.2	0.3577708764	0.9155417528
states	90	31.0	16.099689438	63.199378876
minimum	8	0.8	1.4310835056	3.6621670112
numbers	1	0.2	0.3577708764	0.9155417528
arise	2	0.2	0.3577708764	0.9155417528
cultivate	3	0.8	0.987927122818	2.77585424564
firmly	2	0.2	0.3577708764	0.9155417528
respective	2	0.2	0.3577708764	0.9155417528
acts	4	1.2	1.2585706178	3.71714123561
extinguished	3	0.2	0.3577708764	0.9155417528
occur	3	0.8	0.1788854382	1.1577708764
intended	5	0.4	0.7155417528	1.8310835056
derived	5	0.8	0.551361950084	1.90272390017
expenditures	7	1.0	1.0	3.0
a	215	95.0	57.2188780037	209.437756007
organization	4	1.4	0.49799598392	2.39599196784
banks	11	2.0	3.577708764	9.155417528
mexican	15	1.8	3.2199378876	8.2398757752
september	3	1.0	0.894427191	2.788854382
mission	4	0.2	0.3577708764	0.9155417528
trade	8	2.0	1.09544511501	4.19089023002
attitude	1	0.2	0.3577708764	0.9155417528
committed	7	1.2	0.819756061277	2.83951212255
suffer	1	0.2	0.3577708764	0.9155417528
25	2	0.2	0.3577708764	0.9155417528
27	1	0.2	0.3577708764	0.9155417528
possessions	3	0.4	0.37947331922	1.15894663844
late	7	2.2	1.95550504985	6.11101009971
ally	1	0.2	0.3577708764	0.9155417528
forbear	1	0.2	0.3577708764	0.9155417528
than	31	9.8	7.65245058788	25.1049011758
commodore	1	0.2	0.3577708764	0.9155417528
complain	3	0.2	0.3577708764	0.9155417528
instructions	2	0.8	0.551361950084	1.90272390017
2d	1	0.2	0.3577708764	0.9155417528
habits	1	0.2	0.3577708764	0.9155417528
ports	8	2.2	1.46969384567	5.13938769134
heavy	5	0.2	0.3577708764	0.9155417528
reduce	2	0.2	0.3577708764	0.9155417528
extended	7	1.2	0.521536192416	2.24307238483
beyond	9	1.0	1.0	3.0
since	12	3.8	3.7094473982	11.2188947964
7	1	0.2	0.3577708764	0.9155417528
belief	2	0.8	0.551361950084	1.90272390017
term	6	0.8	0.551361950084	1.90272390017
earliest	2	0.2	0.3577708764	0.9155417528
diffused	1	0.2	0.3577708764	0.9155417528
benefits	3	0.6	0.651152823844	1.90230564769
just	13	3.4	1.06207344379	5.52414688758
consequence	7	0.8	0.551361950084	1.90272390017
arose	1	0.2	0.3577708764	0.9155417528
indebted	1	0.2	0.3577708764	0.9155417528
precautionary	1	0.2	0.3577708764	0.9155417528
maritime	2	0.8	0.551361950084	1.90272390017
done	7	1.4	1.20664825032	3.81329650064
embraced	3	0.4	0.37947331922	1.15894663844
heads	2	0.4	0.7155417528	1.8310835056
introduction	2	0.2	0.3577708764	0.9155417528
coasts	2	0.2	0.3577708764	0.9155417528
least	2	0.4	0.37947331922	1.15894663844
passed	4	1.4	0.8049844719	3.0099689438
statement	2	0.4	0.37947331922	1.15894663844
immediate	5	1.0	1.3416407865	3.683281573
part	18	6.0	4.93963561409	15.8792712282
favorable	6	1.0	0.632455532034	2.26491106407
double	1	0.2	0.3577708764	0.9155417528
contrary	3	1.2	0.819756061277	2.83951212255
declare	1	0.2	0.3577708764	0.9155417528
imports	2	0.2	0.3577708764	0.9155417528
orders	5	1.6	1.55434873822	4.70869747644
lie	2	0.4	0.7155417528	1.8310835056
superior	2	0.4	0.37947331922	1.15894663844
added	2	0.2	0.3577708764	0.9155417528
frauds	1	0.2	0.3577708764	0.9155417528
inconvenience	3	0.4	0.37947331922	1.15894663844
70	1	0.2	0.3577708764	0.9155417528
nothing	6	1.8	1.1242775458	4.04855509161
constitution	15	3.2	3.64197748483	10.4839549697
creeks	1	0.2	0.3577708764	0.9155417528
occupation	2	0.2	0.3577708764	0.9155417528
justice	6	2.6	1.6994116629	5.9988233258
ruin	1	0.2	0.3577708764	0.9155417528
distributed	1	0.2	0.3577708764	0.9155417528
indian	10	1.8	1.16619037897	4.13238075794
surveyed	1	0.2	0.3577708764	0.9155417528
equity	2	0.4	0.37947331922	1.15894663844
8	1	0.2	0.3577708764	0.9155417528
his	50	5.4	5.08330601086	15.5666120217
remedy	2	0.2	0.3577708764	0.9155417528
valuable	5	0.8	0.1788854382	1.1577708764
combinations	3	0.2	0.3577708764	0.9155417528
during	16	5.2	3.24961536185	11.6992307237
prohibitory	2	0.2	0.3577708764	0.9155417528
him	7	1.0	0.894427191	2.788854382
banking	5	0.6	1.0733126292	2.7466252584
river	9	0.4	0.37947331922	1.15894663844
set	2	0.2	0.3577708764	0.9155417528
intelligence	2	0.4	0.37947331922	1.15894663844
defense	7	3.2	1.16619037897	5.53238075794
are	70	25.2	16.5698521418	58.3397042835
sea	4	0.8	0.551361950084	1.90272390017
11th	2	0.2	0.3577708764	0.9155417528
materially	1	0.2	0.3577708764	0.9155417528
declined	1	0.2	0.3577708764	0.9155417528
pacific	4	0.6	0.651152823844	1.90230564769
probably	4	1.0	0.0	1.0
prescribe	2	0.6	0.651152823844	1.90230564769
poorer	1	0.2	0.3577708764	0.9155417528
legislature	3	1.8	0.558569601751	2.9171392035
improved	2	0.4	0.37947331922	1.15894663844
appropriations	7	1.6	0.8	3.2
foreign	21	4.6	3.34783512139	11.2956702428
became	1	0.2	0.3577708764	0.9155417528
forgotten	1	0.2	0.3577708764	0.9155417528
point	4	0.4	0.7155417528	1.8310835056
agents	3	1.0	0.632455532034	2.26491106407
complied	1	0.2	0.3577708764	0.9155417528
raise	4	0.2	0.3577708764	0.9155417528
acceptance	2	0.2	0.3577708764	0.9155417528
due	10	3.8	1.32664991614	6.45329983228
maintenance	2	0.2	0.3577708764	0.9155417528
collected	3	0.2	0.3577708764	0.9155417528
territory	27	3.2	1.72046505341	6.64093010682
exempt	1	0.2	0.3577708764	0.9155417528
judicial	3	0.4	0.37947331922	1.15894663844
968	1	0.2	0.3577708764	0.9155417528
governor	2	0.4	0.37947331922	1.15894663844
while	15	1.2	0.885437744847	2.97087548969
portugal	5	1.4	1.20664825032	3.81329650064
century	1	0.2	0.3577708764	0.9155417528
cents	6	0.2	0.3577708764	0.9155417528
itself	5	1.6	1.15238882327	3.90477764654
ready	7	0.8	0.75894663844	2.31789327688
alliances	1	0.2	0.3577708764	0.9155417528
result	11	3.2	2.30477764654	7.80955529308
belong	2	0.2	0.3577708764	0.9155417528
benign	1	0.2	0.3577708764	0.9155417528
higher	7	0.6	0.651152823844	1.90230564769
moment	3	0.2	0.3577708764	0.9155417528
aggregate	2	0.4	0.37947331922	1.15894663844
lower	3	0.4	0.7155417528	1.8310835056
herewith	3	0.6	0.651152823844	1.90230564769
honor	4	0.8	0.987927122818	2.77585424564
regulating	2	0.4	0.37947331922	1.15894663844
entry	3	0.2	0.3577708764	0.9155417528
things	2	0.8	0.551361950084	1.90272390017
questions	5	1.6	1.51789327688	4.63578655376
reliance	3	0.4	0.37947331922	1.15894663844
continent	10	0.6	0.651152823844	1.90230564769
discipline	2	0.6	0.651152823844	1.90230564769
violations	1	0.2	0.3577708764	0.9155417528
confide	1	0.2	0.3577708764	0.9155417528
remaining	3	0.6	0.651152823844	1.90230564769
march	10	1.0	0.632455532034	2.26491106407
forces	3	0.4	0.37947331922	1.15894663844
formal	2	0.4	0.37947331922	1.15894663844
imposed	15	0.8	0.551361950084	1.90272390017
d	2	0.6	0.651152823844	1.90230564769
sincerely	1	0.2	0.3577708764	0.9155417528
commanders	2	0.4	0.37947331922	1.15894663844
manifest	2	0.4	0.7155417528	1.8310835056
continue	6	1.6	1.27121988657	4.14243977313
tribes	9	2.4	2.33238075794	7.06476151588
amicably	2	0.2	0.3577708764	0.9155417528
some	17	6.4	3.97994974843	14.3598994969
amicable	3	1.2	0.521536192416	2.24307238483
shall	27	7.0	3.28633534503	13.5726706901
providence	2	0.2	0.3577708764	0.9155417528
be	226	82.4	48.2228161766	178.845632353
measures	10	3.2	1.93907194297	7.07814388593
refused	3	0.4	0.37947331922	1.15894663844
by	192	52.6	27.7315704568	108.063140914
troops	3	1.2	0.521536192416	2.24307238483
faith	3	1.0	0.894427191	2.788854382
repair	2	0.4	0.37947331922	1.15894663844
into	23	8.2	3.31058907145	14.8211781429
within	12	6.6	2.41660919472	11.4332183894
invading	1	0.2	0.3577708764	0.9155417528
extraordinary	6	0.6	0.651152823844	1.90230564769
sections	2	0.4	0.37947331922	1.15894663844
manufacture	2	0.6	0.651152823844	1.90230564769
himself	1	0.2	0.3577708764	0.9155417528
properly	2	0.4	0.37947331922	1.15894663844
atlantic	3	0.8	0.987927122818	2.77585424564
raising	1	0.2	0.3577708764	0.9155417528
directed	2	0.6	0.651152823844	1.90230564769
affaires	2	0.6	0.651152823844	1.90230564769
suitable	2	0.6	0.651152823844	1.90230564769
similar	7	1.6	2.00399600798	5.60799201596
constant	2	0.8	0.551361950084	1.90272390017
together	4	0.2	0.3577708764	0.9155417528
prevail	4	0.2	0.3577708764	0.9155417528
amounts	1	0.2	0.3577708764	0.9155417528
violate	2	0.4	0.37947331922	1.15894663844
peace	12	5.0	2.09761769634	9.19523539268
department	15	2.8	2.15034880891	7.10069761783
provided	9	1.2	0.819756061277	2.83951212255
prepared	2	0.6	0.651152823844	1.90230564769
ago	4	0.2	0.3577708764	0.9155417528
age	2	0.4	0.7155417528	1.8310835056
required	9	2.8	2.14289523776	7.08579047551
ascertained	4	0.4	0.37947331922	1.15894663844
implied	1	0.2	0.3577708764	0.9155417528
came	1	0.2	0.3577708764	0.9155417528
requires	2	0.8	0.551361950084	1.90272390017
once	3	0.8	0.987927122818	2.77585424564
existing	11	2.8	2.4	7.6
proposition	10	0.4	0.37947331922	1.15894663844
suits	1	0.2	0.3577708764	0.9155417528
jurisdiction	6	1.2	0.819756061277	2.83951212255
seized	1	0.2	0.3577708764	0.9155417528
provides	1	0.2	0.3577708764	0.9155417528
putting	1	0.2	0.3577708764	0.9155417528
continued	5	1.6	1.55434873822	4.70869747644
unusual	1	0.2	0.3577708764	0.9155417528
anxious	2	0.4	0.37947331922	1.15894663844
this	99	32.0	21.466252584	74.932505168
disbursements	1	0.2	0.3577708764	0.9155417528
settlers	4	0.8	0.987927122818	2.77585424564
concluded	6	1.4	0.8049844719	3.0099689438
maintain	6	1.6	0.903327183251	3.4066543665
ardent	1	0.2	0.3577708764	0.9155417528
giving	5	0.4	0.7155417528	1.8310835056
consistently	2	0.6	0.309838667697	1.21967733539
capital	7	0.6	0.651152823844	1.90230564769
exercise	4	1.6	0.963327566303	3.52665513261
3d	4	0.4	0.37947331922	1.15894663844
body	4	0.8	0.551361950084	1.90272390017
respectively	3	0.4	0.37947331922	1.15894663844
separation	2	0.2	0.3577708764	0.9155417528
safer	1	0.2	0.3577708764	0.9155417528
great	36	12.8	6.97079622425	26.7415924485
receive	6	1.2	0.885437744847	2.97087548969
involved	3	0.4	0.37947331922	1.15894663844
larger	3	0.8	0.987927122818	2.77585424564
repel	2	0.2	0.3577708764	0.9155417528
defeat	1	0.2	0.3577708764	0.9155417528
hardy	2	0.2	0.3577708764	0.9155417528
addressed	1	0.2	0.3577708764	0.9155417528
apply	3	0.6	0.309838667697	1.21967733539
standing	3	0.6	0.651152823844	1.90230564769
from	76	25.0	16.6733320005	58.3466640011
consumption	1	0.2	0.3577708764	0.9155417528
remains	5	0.8	0.987927122818	2.77585424564
doubt	6	1.6	0.963327566303	3.52665513261
reciprocity	1	0.2	0.3577708764	0.9155417528
reflects	1	0.2	0.3577708764	0.9155417528
becomes	3	0.2	0.3577708764	0.9155417528
occurred	2	0.8	0.1788854382	1.1577708764
cooperate	2	0.2	0.3577708764	0.9155417528
appointed	9	0.6	0.651152823844	1.90230564769
had	46	7.2	5.1923019943	17.5846039886
majority	1	0.2	0.3577708764	0.9155417528
account	2	0.2	0.3577708764	0.9155417528
when	18	4.0	2.44948974278	8.89897948557
universe	1	0.2	0.3577708764	0.9155417528
control	5	1.0	1.3416407865	3.683281573
tax	2	0.2	0.3577708764	0.9155417528
purposes	6	2.6	1.6994116629	5.9988233258
sought	3	0.2	0.3577708764	0.9155417528
voice	2	0.4	0.7155417528	1.8310835056
united	76	19.0	6.75277720645	32.5055544129
defective	1	0.2	0.3577708764	0.9155417528
delay	5	1.0	0.4472135955	1.894427191
responsibilities	1	0.2	0.3577708764	0.9155417528
attachment	1	0.2	0.3577708764	0.9155417528
instead	1	0.2	0.3577708764	0.9155417528
practicable	7	1.2	1.2585706178	3.71714123561
share	1	0.2	0.3577708764	0.9155417528
american	22	1.8	1.22963409192	4.25926818383
subsequently	2	0.2	0.3577708764	0.9155417528
divided	2	0.2	0.3577708764	0.9155417528
furnish	2	0.2	0.3577708764	0.9155417528
equally	4	1.6	0.963327566303	3.52665513261
alacrity	1	0.2	0.3577708764	0.9155417528
own	17	5.0	4.14728827067	13.2945765413
chosen	2	0.4	0.37947331922	1.15894663844
acres	5	0.2	0.3577708764	0.9155417528
previously	2	0.4	0.37947331922	1.15894663844
permanent	6	2.2	1.67092788594	5.54185577187
criminal	5	0.4	0.37947331922	1.15894663844
pending	7	1.2	1.70176379089	4.60352758179
plenipotentiary	10	0.2	0.3577708764	0.9155417528
republican	3	0.6	0.309838667697	1.21967733539
affections	1	0.2	0.3577708764	0.9155417528
day	11	1.8	1.22963409192	4.25926818383
articles	16	1.0	0.894427191	2.788854382
february	1	0.2	0.3577708764	0.9155417528
accompanies	1	0.2	0.3577708764	0.9155417528
accompanied	1	0.2	0.3577708764	0.9155417528
aggravated	1	0.2	0.3577708764	0.9155417528
deficiency	1	0.2	0.3577708764	0.9155417528
promulgation	1	0.2	0.3577708764	0.9155417528
our	153	50.6	35.7748515021	122.149703004
agriculture	1	0.2	0.3577708764	0.9155417528
respects	2	0.4	0.37947331922	1.15894663844
frontier	7	0.8	0.987927122818	2.77585424564
defend	7	0.2	0.3577708764	0.9155417528
wholly	2	0.2	0.3577708764	0.9155417528
may	52	18.4	10.0717426496	38.5434852992
waters	1	0.2	0.3577708764	0.9155417528
announced	2	0.4	0.37947331922	1.15894663844
recommendations	2	0.2	0.3577708764	0.9155417528
attending	1	0.2	0.3577708764	0.9155417528
hostile	4	0.6	0.651152823844	1.90230564769
produce	10	1.2	0.819756061277	2.83951212255
retain	1	0.2	0.3577708764	0.9155417528
south	7	0.8	0.987927122818	2.77585424564
powerful	2	0.4	0.37947331922	1.15894663844
proposing	1	0.2	0.3577708764	0.9155417528
quality	5	0.6	0.309838667697	1.21967733539
intention	4	0.6	0.309838667697	1.21967733539
flag	4	0.8	0.75894663844	2.31789327688
their	91	31.2	25.6	82.4
interests	19	6.0	5.51361950084	17.0272390017
too	5	2.4	0.8	4.0
unsalable	1	0.2	0.3577708764	0.9155417528
natural	3	0.4	0.37947331922	1.15894663844
july	9	0.6	0.651152823844	1.90230564769
herself	5	0.4	0.37947331922	1.15894663844
commence	2	0.2	0.3577708764	0.9155417528
unexpectedly	1	0.2	0.3577708764	0.9155417528
discriminating	4	0.4	0.7155417528	1.8310835056
dissensions	2	0.2	0.3577708764	0.9155417528
distinguished	2	0.8	0.551361950084	1.90272390017
collecting	2	0.2	0.3577708764	0.9155417528
enforced	1	0.2	0.3577708764	0.9155417528
false	2	0.2	0.3577708764	0.9155417528
unchanged	2	0.4	0.7155417528	1.8310835056
have	105	42.2	24.6203168136	91.4406336271
agency	1	0.2	0.3577708764	0.9155417528
able	5	1.0	0.4472135955	1.894427191
which	133	65.0	30.8480145228	126.696029046
unless	3	1.0	0.632455532034	2.26491106407
who	24	5.4	3.49857113691	12.3971422738
class	1	0.2	0.3577708764	0.9155417528
discharged	1	0.2	0.3577708764	0.9155417528
request	2	0.4	0.37947331922	1.15894663844
fact	4	1.2	0.885437744847	2.97087548969
exclusive	4	0.6	0.309838667697	1.21967733539
violation	7	0.4	0.37947331922	1.15894663844
supported	1	0.2	0.3577708764	0.9155417528
based	1	0.2	0.3577708764	0.9155417528
should	60	14.0	11.5758369028	37.1516738056
unable	1	0.2	0.3577708764	0.9155417528
gradual	2	0.4	0.7155417528	1.8310835056
employed	5	1.8	1.22963409192	4.25926818383
inhabit	1	0.2	0.3577708764	0.9155417528
bonds	2	0.4	0.7155417528	1.8310835056
sustain	2	0.4	0.7155417528	1.8310835056
mainly	1	0.2	0.3577708764	0.9155417528
bear	6	0.4	0.37947331922	1.15894663844
made	44	13.8	9.19565114606	32.1913022921
glory	2	0.2	0.3577708764	0.9155417528
whilst	4	0.8	0.75894663844	2.31789327688
proved	5	1.0	1.3416407865	3.683281573
she	10	0.2	0.3577708764	0.9155417528
contain	1	0.2	0.3577708764	0.9155417528
including	6	0.8	0.551361950084	1.90272390017
view	11	5.0	1.18321595662	7.36643191324
we	28	10.6	6.11293710094	22.8258742019
destiny	1	0.2	0.3577708764	0.9155417528
framers	2	0.2	0.3577708764	0.9155417528
state	40	12.6	7.83836717691	28.2767343538
injustice	3	0.2	0.3577708764	0.9155417528
boundary	2	0.4	0.37947331922	1.15894663844
ability	3	0.4	0.37947331922	1.15894663844
importance	8	1.4	1.20664825032	3.81329650064
agencies	1	0.2	0.3577708764	0.9155417528
interfere	4	0.2	0.3577708764	0.9155417528
limits	5	1.6	0.489897948557	2.57979589711
thence	3	0.4	0.37947331922	1.15894663844
april	10	0.8	0.551361950084	1.90272390017
admit	4	0.8	0.987927122818	2.77585424564
streams	1	0.2	0.3577708764	0.9155417528
strongly	2	0.4	0.7155417528	1.8310835056
adjusted	3	1.0	0.632455532034	2.26491106407
labor	3	0.8	0.551361950084	1.90272390017
second	3	1.0	0.4472135955	1.894427191
addition	5	1.2	0.521536192416	2.24307238483
discrimination	2	0.2	0.3577708764	0.9155417528
rates	17	0.6	0.651152823844	1.90230564769
louisiana	2	0.2	0.3577708764	0.9155417528
corresponding	3	0.2	0.3577708764	0.9155417528
protect	5	0.4	0.37947331922	1.15894663844
assert	1	0.2	0.3577708764	0.9155417528
abandoned	2	0.4	0.7155417528	1.8310835056
as	127	40.0	25.179356624	90.3587132481
expiration	4	0.6	1.0733126292	2.7466252584
respected	1	0.2	0.3577708764	0.9155417528
claimed	1	0.2	0.3577708764	0.9155417528
greater	8	2.0	2.75680975042	7.51361950084
stands	1	0.2	0.3577708764	0.9155417528
unite	1	0.2	0.3577708764	0.9155417528
member	2	0.2	0.3577708764	0.9155417528
largest	1	0.2	0.3577708764	0.9155417528
party	3	0.8	0.987927122818	2.77585424564
columbia	10	0.6	0.651152823844	1.90230564769
privations	2	0.2	0.3577708764	0.9155417528
never	12	2.0	1.41421356237	4.82842712475
nation	10	2.8	1.6	6.0
judgment	2	0.4	0.37947331922	1.15894663844
destruction	1	0.2	0.3577708764	0.9155417528
appropriated	1	0.2	0.3577708764	0.9155417528
i	62	24.8	14.2464030548	53.2928061096
command	6	0.4	0.37947331922	1.15894663844
administered	2	0.4	0.37947331922	1.15894663844
usual	2	0.8	0.551361950084	1.90272390017
executive	10	3.8	1.80886704874	7.41773409747
domestic	10	1.8	2.7957110008	7.3914220016
obtain	2	0.6	0.309838667697	1.21967733539
sources	2	0.8	0.551361950084	1.90272390017
distant	4	0.6	0.651152823844	1.90230564769
way	3	1.2	0.521536192416	2.24307238483
lately	2	0.2	0.3577708764	0.9155417528
generous	3	0.6	0.651152823844	1.90230564769
rapid	4	0.8	0.987927122818	2.77585424564
imposes	2	0.2	0.3577708764	0.9155417528
adoption	3	0.8	0.75894663844	2.31789327688
nor	7	2.2	1.67092788594	5.54185577187
citizen	4	1.2	0.885437744847	2.97087548969
ought	7	2.2	0.889943818451	3.9798876369
vain	2	0.2	0.3577708764	0.9155417528
confederacy	2	0.4	0.7155417528	1.8310835056
increased	12	3.0	2.96647939484	8.93295878968
government	91	26.4	25.3976376854	77.1952753708
judiciary	2	0.4	0.37947331922	1.15894663844
republics	3	0.4	0.7155417528	1.8310835056
five	3	0.4	0.7155417528	1.8310835056
loss	3	0.2	0.3577708764	0.9155417528
necessary	11	5.2	2.31516738056	9.83033476112
admitted	3	0.6	0.651152823844	1.90230564769
become	9	1.6	1.58996855315	4.7799371063
gaining	1	0.2	0.3577708764	0.9155417528
because	5	1.0	0.894427191	2.788854382
liquidation	1	0.2	0.3577708764	0.9155417528
growth	5	0.4	0.37947331922	1.15894663844
export	1	0.2	0.3577708764	0.9155417528
proper	16	4.2	3.71913968546	11.6382793709
gave	2	0.2	0.3577708764	0.9155417528
employment	4	0.6	0.651152823844	1.90230564769
recognition	1	0.2	0.3577708764	0.9155417528
mines	1	0.2	0.3577708764	0.9155417528
favors	1	0.2	0.3577708764	0.9155417528
does	5	1.2	0.619677335393	2.43935467079
discretion	3	0.6	0.309838667697	1.21967733539
assuming	1	0.2	0.3577708764	0.9155417528
expansion	2	0.2	0.3577708764	0.9155417528
loans	2	0.4	0.37947331922	1.15894663844
extension	7	0.8	0.551361950084	1.90272390017
freedom	2	0.6	0.309838667697	1.21967733539
recognized	4	0.4	0.37947331922	1.15894663844
blessings	3	0.4	0.37947331922	1.15894663844
emperor	1	0.2	0.3577708764	0.9155417528
washington	3	0.8	0.987927122818	2.77585424564
promise	1	0.2	0.3577708764	0.9155417528
additional	5	2.0	0.894427191	3.788854382
commission	4	0.6	0.309838667697	1.21967733539
support	6	1.4	0.8049844719	3.0099689438
reduction	4	1.4	1.02761860629	3.45523721259
captains	1	0.2	0.3577708764	0.9155417528
avowed	3	0.2	0.3577708764	0.9155417528
north	15	0.8	0.551361950084	1.90272390017
gain	2	0.2	0.3577708764	0.9155417528
courts	3	0.8	0.987927122818	2.77585424564
highest	1	0.2	0.3577708764	0.9155417528
witness	1	0.2	0.3577708764	0.9155417528
he	25	2.0	1.41421356237	4.82842712475
disbursement	2	0.4	0.7155417528	1.8310835056
whether	11	4.2	1.32664991614	6.85329983228
official	9	0.6	0.651152823844	1.90230564769
placed	6	0.4	0.37947331922	1.15894663844
below	3	0.4	0.37947331922	1.15894663844
cordial	1	0.2	0.3577708764	0.9155417528
devise	1	0.2	0.3577708764	0.9155417528
effected	1	0.2	0.3577708764	0.9155417528
other	40	12.4	6.82934843159	26.0586968632
out	11	4.2	2.15220816837	8.50441633674
conclusion	1	0.2	0.3577708764	0.9155417528
missouri	1	0.2	0.3577708764	0.9155417528
june	3	1.2	0.521536192416	2.24307238483
ultimately	2	0.4	0.37947331922	1.15894663844
leaving	4	1.2	0.885437744847	2.97087548969
auxiliary	1	0.2	0.3577708764	0.9155417528
reached	1	0.2	0.3577708764	0.9155417528
